1382,1382,1719,0,0,1775,1743,1718,1790,0,0,0,0,0,0,0,0,0,0,0,0,0,0,0,0,0,0,0,0,0,0,0,0,0,0,0,0,0,0,0,0,0,0
1382,1382,1719,0,0,1775,1743,1718,1790,0,0,0,0,0,0,0,0,0,0,0,0,0,0,0,0,0,0,0,0,0,0,0,0,0,0,0,0,0,0,0,0,0,0
1706,1706,1709,0,0,1930,2086,2142,2096,0,0,0,0,0,0,0,0,0,0,0,0,0,0,0,0,0,0,0,0,0,0,0,0,0,0,0,0,0,0,0,0,0,0
0,0,0,0,0,0,0,0,0,0,0,0,0,0,0,0,0,0,0,0,0,0,0,0,0,0,0,0,0,0,0,0,0,0,0,0,0,0,0,0,0,0,0
0,0,0,0,0,0,0,0,0,0,0,0,0,0,0,0,0,0,0,0,0,0,0,0,0,0,0,0,0,0,0,0,0,0,0,0,0,0,0,0,0,0,0
1437,1437,2188,0,0,2591,2605,2613,2620,0,0,0,0,0,0,0,0,0,0,0,0,0,0,0,0,0,0,0,0,0,0,0,0,0,0,0,0,0,0,0,0,0,0
0,0,0,0,0,0,0,0,0,0,0,0,0,0,0,0,0,0,0,0,0,0,0,0,0,0,0,0,0,0,0,0,0,0,0,0,0,0,0,0,0,0,0
0,0,0,0,0,0,0,0,0,0,0,0,0,0,0,0,0,0,0,0,0,0,0,0,0,0,0,0,0,0,0,0,0,0,0,0,0,0,0,0,0,0,0
0,0,0,0,0,0,0,0,0,0,0,0,0,0,0,0,0,0,0,0,0,0,0,0,0,0,0,0,0,0,0,0,0,0,0,0,0,0,0,0,0,0,0
2175,2175,2818,0,0,3789,3655,3732,3733,0,0,0,0,0,0,0,0,0,0,0,0,0,0,0,0,0,0,0,0,0,0,0,0,0,0,0,0,0,0,0,0,0,0
2175,2175,2818,0,0,3789,3655,3732,3733,0,0,0,0,0,0,0,0,0,0,0,0,0,0,0,0,0,0,0,0,0,0,0,0,0,0,0,0,0,0,0,0,0,0
2242,2242,2796,0,0,3681,3562,3631,3635,0,0,0,0,0,0,0,0,0,0,0,0,0,0,0,0,0,0,0,0,0,0,0,0,0,0,0,0,0,0,0,0,0,0
2308,2308,2885,0,0,3736,3592,3660,3635,0,0,0,0,0,0,0,0,0,0,0,0,0,0,0,0,0,0,0,0,0,0,0,0,0,0,0,0,0,0,0,0,0,0
2219,2219,2772,0,0,3679,3603,3616,3628,0,0,0,0,0,0,0,0,0,0,0,0,0,0,0,0,0,0,0,0,0,0,0,0,0,0,0,0,0,0,0,0,0,0
0,0,0,0,0,0,0,0,0,0,0,0,0,0,0,0,0,0,0,0,0,0,0,0,0,0,0,0,0,0,0,0,0,0,0,0,0,0,0,0,0,0,0
0,0,0,0,0,0,0,0,0,0,0,0,0,0,0,0,0,0,0,0,0,0,0,0,0,0,0,0,0,0,0,0,0,0,0,0,0,0,0,0,0,0,0
0,0,0,0,0,0,0,0,0,0,0,0,0,0,0,0,0,0,0,0,0,0,0,0,0,0,0,0,0,0,0,0,0,0,0,0,0,0,0,0,0,0,0
0,0,0,0,0,0,0,0,0,0,0,0,0,0,0,0,0,0,0,0,0,0,0,0,0,0,0,0,0,0,0,0,0,0,0,0,0,0,0,0,0,0,0
0,0,0,0,0,0,0,0,0,0,0,0,0,0,0,0,0,0,0,0,0,0,0,0,0,0,0,0,0,0,0,0,0,0,0,0,0,0,0,0,0,0,0
0,0,0,0,0,0,0,0,0,0,0,0,0,0,0,0,0,0,0,0,0,0,0,0,0,0,0,0,0,0,0,0,0,0,0,0,0,0,0,0,0,0,0
0,0,0,0,0,0,0,0,0,0,0,0,0,0,0,0,0,0,0,0,0,0,0,0,0,0,0,0,0,0,0,0,0,0,0,0,0,0,0,0,0,0,0
0,0,0,0,0,0,0,0,0,0,0,0,0,0,0,0,0,0,0,0,0,0,0,0,0,0,0,0,0,0,0,0,0,0,0,0,0,0,0,0,0,0,0
0,0,0,0,0,0,0,0,0,0,0,0,0,0,0,0,0,0,0,0,0,0,0,0,0,0,0,0,0,0,0,0,0,0,0,0,0,0,0,0,0,0,0
0,0,0,0,0,0,0,0,0,0,0,0,0,0,0,0,0,0,0,0,0,0,0,0,0,0,0,0,0,0,0,0,0,0,0,0,0,0,0,0,0,0,0
0,0,0,0,0,0,0,0,0,0,0,0,0,0,0,0,0,0,0,0,0,0,0,0,0,0,0,0,0,0,0,0,0,0,0,0,0,0,0,0,0,0,0
1618,1618,2308,0,0,3310,3190,3150,3212,0,0,0,0,0,0,0,0,0,0,0,0,0,0,0,0,0,0,0,0,0,0,0,0,0,0,0,0,0,0,0,0,0,0
1718,1718,2337,0,0,3036,2953,2981,3004,0,0,0,0,0,0,0,0,0,0,0,0,0,0,0,0,0,0,0,0,0,0,0,0,0,0,0,0,0,0,0,0,0,0
0,0,0,0,0,0,0,0,0,0,0,0,0,0,0,0,0,0,0,0,0,0,0,0,0,0,0,0,0,0,0,0,0,0,0,0,0,0,0,0,0,0,0
1779,1779,2366,0,0,2994,2942,2972,2959,0,0,0,0,0,0,0,0,0,0,0,0,0,0,0,0,0,0,0,0,0,0,0,0,0,0,0,0,0,0,0,0,0,0
1663,1663,2259,0,0,2817,2764,2817,2841,0,0,0,0,0,0,0,0,0,0,0,0,0,0,0,0,0,0,0,0,0,0,0,0,0,0,0,0,0,0,0,0,0,0
1791,1791,2397,0,0,2992,2996,2957,2967,0,0,0,0,0,0,0,0,0,0,0,0,0,0,0,0,0,0,0,0,0,0,0,0,0,0,0,0,0,0,0,0,0,0
1847,1847,2385,0,0,2940,2952,2896,2910,0,0,0,0,0,0,0,0,0,0,0,0,0,0,0,0,0,0,0,0,0,0,0,0,0,0,0,0,0,0,0,0,0,0
1869,1869,2437,0,0,2975,2949,2963,2996,0,0,0,0,0,0,0,0,0,0,0,0,0,0,0,0,0,0,0,0,0,0,0,0,0,0,0,0,0,0,0,0,0,0
1822,1822,2392,0,0,2933,2957,2934,2935,0,0,0,0,0,0,0,0,0,0,0,0,0,0,0,0,0,0,0,0,0,0,0,0,0,0,0,0,0,0,0,0,0,0
0,0,0,0,0,0,0,0,0,0,0,0,0,0,0,0,0,0,0,0,0,0,0,0,0,0,0,0,0,0,0,0,0,0,0,0,0,0,0,0,0,0,0
0,0,0,0,0,0,0,0,0,0,0,0,0,0,0,0,0,0,0,0,0,0,0,0,0,0,0,0,0,0,0,0,0,0,0,0,0,0,0,0,0,0,0
0,0,0,0,0,0,0,0,0,0,0,0,0,0,0,0,0,0,0,0,0,0,0,0,0,0,0,0,0,0,0,0,0,0,0,0,0,0,0,0,0,0,0
0,0,0,0,0,0,0,0,0,0,0,0,0,0,0,0,0,0,0,0,0,0,0,0,0,0,0,0,0,0,0,0,0,0,0,0,0,0,0,0,0,0,0
0,0,0,0,0,0,0,0,0,0,0,0,0,0,0,0,0,0,0,0,0,0,0,0,0,0,0,0,0,0,0,0,0,0,0,0,0,0,0,0,0,0,0
0,0,0,0,0,0,0,0,0,0,0,0,0,0,0,0,0,0,0,0,0,0,0,0,0,0,0,0,0,0,0,0,0,0,0,0,0,0,0,0,0,0,0
0,0,0,0,0,0,0,0,0,0,0,0,0,0,0,0,0,0,0,0,0,0,0,0,0,0,0,0,0,0,0,0,0,0,0,0,0,0,0,0,0,0,0
0,0,0,0,0,0,0,0,0,0,0,0,0,0,0,0,0,0,0,0,0,0,0,0,0,0,0,0,0,0,0,0,0,0,0,0,0,0,0,0,0,0,0
0,0,0,0,0,0,0,0,0,0,0,0,0,0,0,0,0,0,0,0,0,0,0,0,0,0,0,0,0,0,0,0,0,0,0,0,0,0,0,0,0,0,0
1108,1108,1144,0,0,773,0,799,759,483,2,0,0,0,468,0,0,0,500,344,0,0,0,0,0,678,0,0,0,0,688,0,0,0,728,344,275,269,295,229,0,0,0
1108,1108,1144,0,0,773,0,799,759,483,2,0,0,0,468,0,0,0,500,344,0,0,0,0,0,678,0,0,0,0,688,0,0,0,728,344,275,269,295,229,0,0,0
1148,1148,869,0,0,746,0,782,805,518,2,0,0,0,550,0,0,0,534,435,0,0,0,0,0,737,0,0,0,0,754,0,0,0,791,404,310,299,328,281,0,0,0
0,0,0,0,0,0,0,0,0,0,0,0,0,0,0,0,0,0,0,0,0,0,0,0,0,0,0,0,0,0,0,0,0,0,0,0,0,0,0,0,0,0,0
0,0,0,0,0,0,0,0,0,0,0,0,0,0,0,0,0,0,0,0,0,0,0,0,0,0,0,0,0,0,0,0,0,0,0,0,0,0,0,0,0,0,0
845,845,1087,0,0,841,0,888,825,713,2,0,0,0,698,0,0,0,741,557,0,0,0,0,0,813,0,0,0,0,779,0,0,0,868,522,394,402,438,348,0,0,0
0,0,0,0,0,0,0,0,0,0,0,0,0,0,0,0,0,0,0,0,0,0,0,0,0,0,0,0,0,0,0,0,0,0,0,0,0,0,0,0,0,0,0
0,0,0,0,0,0,0,0,0,0,0,0,0,0,0,0,0,0,0,0,0,0,0,0,0,0,0,0,0,0,0,0,0,0,0,0,0,0,0,0,0,0,0
0,0,0,0,0,0,0,0,0,0,0,0,0,0,0,0,0,0,0,0,0,0,0,0,0,0,0,0,0,0,0,0,0,0,0,0,0,0,0,0,0,0,0
1058,1058,1217,0,0,1181,1,1171,1106,1035,2,0,0,0,1014,0,0,0,1027,774,0,0,0,0,0,1065,0,0,0,0,1007,0,0,0,1079,709,507,497,533,465,0,0,0
1058,1058,1217,0,0,1181,1,1171,1106,1035,2,0,0,0,1014,0,0,0,1027,774,0,0,0,0,0,1065,0,0,0,0,1007,0,0,0,1079,709,507,497,533,465,0,0,0
1123,1123,1230,0,0,1191,1,1162,1126,1038,1,0,0,0,1006,0,0,0,1039,805,0,0,0,0,0,1075,0,0,0,0,1017,0,0,0,1077,692,511,512,542,466,0,0,0
1124,1124,1212,0,0,1145,0,1138,1136,1040,2,0,0,0,1020,0,0,0,1000,774,0,0,0,0,0,1063,0,0,0,0,977,0,0,0,1087,749,532,507,541,464,0,0,0
1130,1130,1209,0,0,1153,1,1100,1106,1012,1,0,0,0,958,0,0,0,979,792,0,0,0,0,0,1046,0,0,0,0,973,0,0,0,1063,705,488,511,549,474,0,0,0
0,0,0,0,0,0,0,0,0,0,0,0,0,0,0,0,0,0,0,0,0,0,0,0,0,0,0,0,0,0,0,0,0,0,0,0,0,0,0,0,0,0,0
0,0,0,0,0,0,0,0,0,0,0,0,0,0,0,0,0,0,0,0,0,0,0,0,0,0,0,0,0,0,0,0,0,0,0,0,0,0,0,0,0,0,0
0,0,0,0,0,0,0,0,0,0,0,0,0,0,0,0,0,0,0,0,0,0,0,0,0,0,0,0,0,0,0,0,0,0,0,0,0,0,0,0,0,0,0
0,0,0,0,0,0,0,0,0,0,0,0,0,0,0,0,0,0,0,0,0,0,0,0,0,0,0,0,0,0,0,0,0,0,0,0,0,0,0,0,0,0,0
0,0,0,0,0,0,0,0,0,0,0,0,0,0,0,0,0,0,0,0,0,0,0,0,0,0,0,0,0,0,0,0,0,0,0,0,0,0,0,0,0,0,0
0,0,0,0,0,0,0,0,0,0,0,0,0,0,0,0,0,0,0,0,0,0,0,0,0,0,0,0,0,0,0,0,0,0,0,0,0,0,0,0,0,0,0
0,0,0,0,0,0,0,0,0,0,0,0,0,0,0,0,0,0,0,0,0,0,0,0,0,0,0,0,0,0,0,0,0,0,0,0,0,0,0,0,0,0,0
0,0,0,0,0,0,0,0,0,0,0,0,0,0,0,0,0,0,0,0,0,0,0,0,0,0,0,0,0,0,0,0,0,0,0,0,0,0,0,0,0,0,0
0,0,0,0,0,0,0,0,0,0,0,0,0,0,0,0,0,0,0,0,0,0,0,0,0,0,0,0,0,0,0,0,0,0,0,0,0,0,0,0,0,0,0
0,0,0,0,0,0,0,0,0,0,0,0,0,0,0,0,0,0,0,0,0,0,0,0,0,0,0,0,0,0,0,0,0,0,0,0,0,0,0,0,0,0,0
0,0,0,0,0,0,0,0,0,0,0,0,0,0,0,0,0,0,0,0,0,0,0,0,0,0,0,0,0,0,0,0,0,0,0,0,0,0,0,0,0,0,0
936,936,1006,0,0,967,0,1004,862,860,2,0,0,0,826,0,0,0,827,629,0,0,0,0,0,903,0,0,0,0,838,0,0,0,918,572,429,439,451,389,0,0,0
916,916,1084,0,0,930,0,926,928,784,2,0,0,0,774,0,0,0,769,596,0,0,0,0,0,878,0,0,0,0,834,0,0,0,911,567,427,413,462,355,0,0,0
0,0,0,0,0,0,0,0,0,0,0,0,0,0,0,0,0,0,0,0,0,0,0,0,0,0,0,0,0,0,0,0,0,0,0,0,0,0,0,0,0,0,0
976,976,1089,0,0,957,0,967,978,779,2,0,0,0,799,0,0,0,785,608,0,0,0,0,0,878,0,0,0,0,864,0,0,0,918,575,424,403,478,361,0,0,0
927,927,1051,0,0,915,0,906,908,751,2,0,0,0,734,0,0,0,756,591,0,0,0,0,0,868,0,0,0,0,835,0,0,0,890,562,413,397,458,338,0,0,0
991,991,1076,0,0,975,0,986,920,868,0,0,0,0,853,0,0,0,857,676,0,0,0,0,0,945,0,0,0,0,873,0,0,0,973,601,452,456,486,416,0,0,0
1001,1001,1099,0,0,982,0,994,929,857,0,0,0,0,818,0,0,0,857,683,0,0,0,0,0,924,0,0,0,0,848,0,0,0,948,604,472,461,491,416,0,0,0
1032,1032,1087,0,0,971,0,997,949,870,0,0,0,0,846,0,0,0,869,692,0,0,0,0,0,949,0,0,0,0,904,0,0,0,973,630,470,458,494,413,0,0,0
1021,1021,1081,0,0,958,0,989,943,870,0,0,0,0,876,0,0,0,844,687,0,0,0,0,0,920,0,0,0,0,876,0,0,0,974,616,462,453,503,439,0,0,0
0,0,0,0,0,0,0,0,0,0,0,0,0,0,0,0,0,0,0,0,0,0,0,0,0,0,0,0,0,0,0,0,0,0,0,0,0,0,0,0,0,0,0
0,0,0,0,0,0,0,0,0,0,0,0,0,0,0,0,0,0,0,0,0,0,0,0,0,0,0,0,0,0,0,0,0,0,0,0,0,0,0,0,0,0,0
0,0,0,0,0,0,0,0,0,0,0,0,0,0,0,0,0,0,0,0,0,0,0,0,0,0,0,0,0,0,0,0,0,0,0,0,0,0,0,0,0,0,0
0,0,0,0,0,0,0,0,0,0,0,0,0,0,0,0,0,0,0,0,0,0,0,0,0,0,0,0,0,0,0,0,0,0,0,0,0,0,0,0,0,0,0
0,0,0,0,0,0,0,0,0,0,0,0,0,0,0,0,0,0,0,0,0,0,0,0,0,0,0,0,0,0,0,0,0,0,0,0,0,0,0,0,0,0,0
0,0,0,0,0,0,0,0,0,0,0,0,0,0,0,0,0,0,0,0,0,0,0,0,0,0,0,0,0,0,0,0,0,0,0,0,0,0,0,0,0,0,0
0,0,0,0,0,0,0,0,0,0,0,0,0,0,0,0,0,0,0,0,0,0,0,0,0,0,0,0,0,0,0,0,0,0,0,0,0,0,0,0,0,0,0
0,0,0,0,0,0,0,0,0,0,0,0,0,0,0,0,0,0,0,0,0,0,0,0,0,0,0,0,0,0,0,0,0,0,0,0,0,0,0,0,0,0,0
0,0,0,0,0,0,0,0,0,0,0,0,0,0,0,0,0,0,0,0,0,0,0,0,0,0,0,0,0,0,0,0,0,0,0,0,0,0,0,0,0,0,0
714,714,728,0,0,570,1,545,586,529,0,0,0,0,529,571,506,0,0,0,0,0,0,0,0,0,0,0,0,0,0,0,0,0,0,0,0,0,0,0,0,0,0
714,714,728,0,0,570,1,545,586,529,0,0,0,0,529,571,506,0,0,0,0,0,0,0,0,0,0,0,0,0,0,0,0,0,0,0,0,0,0,0,0,0,0
712,712,604,0,0,582,1,555,606,553,0,0,0,0,553,549,549,0,0,0,0,0,0,0,0,0,0,0,0,0,0,0,0,0,0,0,0,0,0,0,0,0,0
0,0,0,0,0,0,0,0,0,0,0,0,0,0,0,0,0,0,0,0,0,0,0,0,0,0,0,0,0,0,0,0,0,0,0,0,0,0,0,0,0,0,0
0,0,0,0,0,0,0,0,0,0,0,0,0,0,0,0,0,0,0,0,0,0,0,0,0,0,0,0,0,0,0,0,0,0,0,0,0,0,0,0,0,0,0
548,548,698,0,0,585,1,591,593,558,0,0,0,0,558,581,552,0,0,0,0,0,0,0,0,0,0,0,0,0,0,0,0,0,0,0,0,0,0,0,0,0,0
0,0,0,0,0,0,0,0,0,0,0,0,0,0,0,0,0,0,0,0,0,0,0,0,0,0,0,0,0,0,0,0,0,0,0,0,0,0,0,0,0,0,0
0,0,0,0,0,0,0,0,0,0,0,0,0,0,0,0,0,0,0,0,0,0,0,0,0,0,0,0,0,0,0,0,0,0,0,0,0,0,0,0,0,0,0
0,0,0,0,0,0,0,0,0,0,0,0,0,0,0,0,0,0,0,0,0,0,0,0,0,0,0,0,0,0,0,0,0,0,0,0,0,0,0,0,0,0,0
598,598,667,0,0,648,1,628,643,652,0,0,0,0,652,673,631,0,0,0,0,0,0,0,0,0,0,0,0,0,0,0,0,0,0,0,0,0,0,0,0,0,0
598,598,667,0,0,648,1,628,643,652,0,0,0,0,652,673,631,0,0,0,0,0,0,0,0,0,0,0,0,0,0,0,0,0,0,0,0,0,0,0,0,0,0
656,656,694,0,0,663,1,658,664,645,0,0,0,0,645,688,648,0,0,0,0,0,0,0,0,0,0,0,0,0,0,0,0,0,0,0,0,0,0,0,0,0,0
635,635,693,0,0,661,1,646,652,639,0,0,0,0,639,650,634,0,0,0,0,0,0,0,0,0,0,0,0,0,0,0,0,0,0,0,0,0,0,0,0,0,0
642,642,685,0,0,636,1,641,649,643,0,0,0,0,643,658,610,0,0,0,0,0,0,0,0,0,0,0,0,0,0,0,0,0,0,0,0,0,0,0,0,0,0
0,0,0,0,0,0,0,0,0,0,0,0,0,0,0,0,0,0,0,0,0,0,0,0,0,0,0,0,0,0,0,0,0,0,0,0,0,0,0,0,0,0,0
0,0,0,0,0,0,0,0,0,0,0,0,0,0,0,0,0,0,0,0,0,0,0,0,0,0,0,0,0,0,0,0,0,0,0,0,0,0,0,0,0,0,0
0,0,0,0,0,0,0,0,0,0,0,0,0,0,0,0,0,0,0,0,0,0,0,0,0,0,0,0,0,0,0,0,0,0,0,0,0,0,0,0,0,0,0
0,0,0,0,0,0,0,0,0,0,0,0,0,0,0,0,0,0,0,0,0,0,0,0,0,0,0,0,0,0,0,0,0,0,0,0,0,0,0,0,0,0,0
0,0,0,0,0,0,0,0,0,0,0,0,0,0,0,0,0,0,0,0,0,0,0,0,0,0,0,0,0,0,0,0,0,0,0,0,0,0,0,0,0,0,0
0,0,0,0,0,0,0,0,0,0,0,0,0,0,0,0,0,0,0,0,0,0,0,0,0,0,0,0,0,0,0,0,0,0,0,0,0,0,0,0,0,0,0
0,0,0,0,0,0,0,0,0,0,0,0,0,0,0,0,0,0,0,0,0,0,0,0,0,0,0,0,0,0,0,0,0,0,0,0,0,0,0,0,0,0,0
0,0,0,0,0,0,0,0,0,0,0,0,0,0,0,0,0,0,0,0,0,0,0,0,0,0,0,0,0,0,0,0,0,0,0,0,0,0,0,0,0,0,0
0,0,0,0,0,0,0,0,0,0,0,0,0,0,0,0,0,0,0,0,0,0,0,0,0,0,0,0,0,0,0,0,0,0,0,0,0,0,0,0,0,0,0
0,0,0,0,0,0,0,0,0,0,0,0,0,0,0,0,0,0,0,0,0,0,0,0,0,0,0,0,0,0,0,0,0,0,0,0,0,0,0,0,0,0,0
0,0,0,0,0,0,0,0,0,0,0,0,0,0,0,0,0,0,0,0,0,0,0,0,0,0,0,0,0,0,0,0,0,0,0,0,0,0,0,0,0,0,0
520,520,579,0,0,599,1,568,599,581,0,0,0,0,581,593,568,0,0,0,0,0,0,0,0,0,0,0,0,0,0,0,0,0,0,0,0,0,0,0,0,0,0
582,582,645,0,0,560,1,542,545,581,0,0,0,0,581,575,546,0,0,0,0,0,0,0,0,0,0,0,0,0,0,0,0,0,0,0,0,0,0,0,0,0,0
0,0,0,0,0,0,0,0,0,0,0,0,0,0,0,0,0,0,0,0,0,0,0,0,0,0,0,0,0,0,0,0,0,0,0,0,0,0,0,0,0,0,0
595,595,611,0,0,535,1,545,541,549,0,0,0,0,549,563,557,0,0,0,0,0,0,0,0,0,0,0,0,0,0,0,0,0,0,0,0,0,0,0,0,0,0
600,600,640,0,0,568,1,580,550,570,0,0,0,0,570,575,557,0,0,0,0,0,0,0,0,0,0,0,0,0,0,0,0,0,0,0,0,0,0,0,0,0,0
552,552,631,0,0,602,1,584,595,559,0,0,0,0,559,584,558,0,0,0,0,0,0,0,0,0,0,0,0,0,0,0,0,0,0,0,0,0,0,0,0,0,0
596,596,641,0,0,620,1,595,621,557,0,0,0,0,557,576,552,0,0,0,0,0,0,0,0,0,0,0,0,0,0,0,0,0,0,0,0,0,0,0,0,0,0
580,580,649,0,0,601,1,585,606,544,0,0,0,0,544,602,540,0,0,0,0,0,0,0,0,0,0,0,0,0,0,0,0,0,0,0,0,0,0,0,0,0,0
618,618,648,0,0,610,1,600,629,577,0,0,0,0,577,599,561,0,0,0,0,0,0,0,0,0,0,0,0,0,0,0,0,0,0,0,0,0,0,0,0,0,0
0,0,0,0,0,0,0,0,0,0,0,0,0,0,0,0,0,0,0,0,0,0,0,0,0,0,0,0,0,0,0,0,0,0,0,0,0,0,0,0,0,0,0
0,0,0,0,0,0,0,0,0,0,0,0,0,0,0,0,0,0,0,0,0,0,0,0,0,0,0,0,0,0,0,0,0,0,0,0,0,0,0,0,0,0,0
0,0,0,0,0,0,0,0,0,0,0,0,0,0,0,0,0,0,0,0,0,0,0,0,0,0,0,0,0,0,0,0,0,0,0,0,0,0,0,0,0,0,0
0,0,0,0,0,0,0,0,0,0,0,0,0,0,0,0,0,0,0,0,0,0,0,0,0,0,0,0,0,0,0,0,0,0,0,0,0,0,0,0,0,0,0
0,0,0,0,0,0,0,0,0,0,0,0,0,0,0,0,0,0,0,0,0,0,0,0,0,0,0,0,0,0,0,0,0,0,0,0,0,0,0,0,0,0,0
0,0,0,0,0,0,0,0,0,0,0,0,0,0,0,0,0,0,0,0,0,0,0,0,0,0,0,0,0,0,0,0,0,0,0,0,0,0,0,0,0,0,0
0,0,0,0,0,0,0,0,0,0,0,0,0,0,0,0,0,0,0,0,0,0,0,0,0,0,0,0,0,0,0,0,0,0,0,0,0,0,0,0,0,0,0
0,0,0,0,0,0,0,0,0,0,0,0,0,0,0,0,0,0,0,0,0,0,0,0,0,0,0,0,0,0,0,0,0,0,0,0,0,0,0,0,0,0,0
0,0,0,0,0,0,0,0,0,0,0,0,0,0,0,0,0,0,0,0,0,0,0,0,0,0,0,0,0,0,0,0,0,0,0,0,0,0,0,0,0,0,0
1010,1010,952,0,0,697,0,703,708,7,0,0,0,0,7,0,0,0,0,0,0,0,0,0,0,0,0,0,0,0,0,0,0,0,0,0,0,0,0,0,0,0,0
1010,1010,952,0,0,697,0,703,708,7,0,0,0,0,7,0,0,0,0,0,0,0,0,0,0,0,0,0,0,0,0,0,0,0,0,0,0,0,0,0,0,0,0
977,977,803,0,0,758,1,777,758,9,0,0,0,0,9,0,0,0,0,0,0,0,0,0,0,0,0,0,0,0,0,0,0,0,0,0,0,0,0,0,0,0,0
0,0,0,0,0,0,0,0,0,0,0,0,0,0,0,0,0,0,0,0,0,0,0,0,0,0,0,0,0,0,0,0,0,0,0,0,0,0,0,0,0,0,0
0,0,0,0,0,0,0,0,0,0,0,0,0,0,0,0,0,0,0,0,0,0,0,0,0,0,0,0,0,0,0,0,0,0,0,0,0,0,0,0,0,0,0
814,814,912,0,0,827,0,788,860,12,0,0,0,0,12,0,0,0,0,0,0,0,0,0,0,0,0,0,0,0,0,0,0,0,0,0,0,0,0,0,0,0,0
0,0,0,0,0,0,0,0,0,0,0,0,0,0,0,0,0,0,0,0,0,0,0,0,0,0,0,0,0,0,0,0,0,0,0,0,0,0,0,0,0,0,0
0,0,0,0,0,0,0,0,0,0,0,0,0,0,0,0,0,0,0,0,0,0,0,0,0,0,0,0,0,0,0,0,0,0,0,0,0,0,0,0,0,0,0
0,0,0,0,0,0,0,0,0,0,0,0,0,0,0,0,0,0,0,0,0,0,0,0,0,0,0,0,0,0,0,0,0,0,0,0,0,0,0,0,0,0,0
883,883,935,0,0,989,0,967,973,15,0,0,0,0,15,0,0,0,0,0,0,0,0,0,0,0,0,0,0,0,0,0,0,0,0,0,0,0,0,0,0,0,0
883,883,935,0,0,989,0,967,973,15,0,0,0,0,15,0,0,0,0,0,0,0,0,0,0,0,0,0,0,0,0,0,0,0,0,0,0,0,0,0,0,0,0
947,947,934,0,0,987,0,991,968,15,0,0,0,0,15,0,0,0,0,0,0,0,0,0,0,0,0,0,0,0,0,0,0,0,0,0,0,0,0,0,0,0,0
964,964,918,0,0,986,0,966,965,13,0,0,0,0,13,0,0,0,0,0,0,0,0,0,0,0,0,0,0,0,0,0,0,0,0,0,0,0,0,0,0,0,0
942,942,979,0,0,971,0,966,971,16,0,0,0,0,16,0,0,0,0,0,0,0,0,0,0,0,0,0,0,0,0,0,0,0,0,0,0,0,0,0,0,0,0
0,0,0,0,0,0,0,0,0,0,0,0,0,0,0,0,0,0,0,0,0,0,0,0,0,0,0,0,0,0,0,0,0,0,0,0,0,0,0,0,0,0,0
0,0,0,0,0,0,0,0,0,0,0,0,0,0,0,0,0,0,0,0,0,0,0,0,0,0,0,0,0,0,0,0,0,0,0,0,0,0,0,0,0,0,0
0,0,0,0,0,0,0,0,0,0,0,0,0,0,0,0,0,0,0,0,0,0,0,0,0,0,0,0,0,0,0,0,0,0,0,0,0,0,0,0,0,0,0
0,0,0,0,0,0,0,0,0,0,0,0,0,0,0,0,0,0,0,0,0,0,0,0,0,0,0,0,0,0,0,0,0,0,0,0,0,0,0,0,0,0,0
0,0,0,0,0,0,0,0,0,0,0,0,0,0,0,0,0,0,0,0,0,0,0,0,0,0,0,0,0,0,0,0,0,0,0,0,0,0,0,0,0,0,0
0,0,0,0,0,0,0,0,0,0,0,0,0,0,0,0,0,0,0,0,0,0,0,0,0,0,0,0,0,0,0,0,0,0,0,0,0,0,0,0,0,0,0
0,0,0,0,0,0,0,0,0,0,0,0,0,0,0,0,0,0,0,0,0,0,0,0,0,0,0,0,0,0,0,0,0,0,0,0,0,0,0,0,0,0,0
0,0,0,0,0,0,0,0,0,0,0,0,0,0,0,0,0,0,0,0,0,0,0,0,0,0,0,0,0,0,0,0,0,0,0,0,0,0,0,0,0,0,0
0,0,0,0,0,0,0,0,0,0,0,0,0,0,0,0,0,0,0,0,0,0,0,0,0,0,0,0,0,0,0,0,0,0,0,0,0,0,0,0,0,0,0
0,0,0,0,0,0,0,0,0,0,0,0,0,0,0,0,0,0,0,0,0,0,0,0,0,0,0,0,0,0,0,0,0,0,0,0,0,0,0,0,0,0,0
0,0,0,0,0,0,0,0,0,0,0,0,0,0,0,0,0,0,0,0,0,0,0,0,0,0,0,0,0,0,0,0,0,0,0,0,0,0,0,0,0,0,0
834,834,805,0,0,878,0,875,826,13,0,0,0,0,13,0,0,0,0,0,0,0,0,0,0,0,0,0,0,0,0,0,0,0,0,0,0,0,0,0,0,0,0
893,893,905,0,0,855,0,846,847,13,0,0,0,0,13,0,0,0,0,0,0,0,0,0,0,0,0,0,0,0,0,0,0,0,0,0,0,0,0,0,0,0,0
0,0,0,0,0,0,0,0,0,0,0,0,0,0,0,0,0,0,0,0,0,0,0,0,0,0,0,0,0,0,0,0,0,0,0,0,0,0,0,0,0,0,0
897,897,891,0,0,842,0,856,837,15,0,0,0,0,15,0,0,0,0,0,0,0,0,0,0,0,0,0,0,0,0,0,0,0,0,0,0,0,0,0,0,0,0
921,921,900,0,0,852,0,825,859,11,0,0,0,0,11,0,0,0,0,0,0,0,0,0,0,0,0,0,0,0,0,0,0,0,0,0,0,0,0,0,0,0,0
854,854,857,0,0,831,0,848,824,11,0,0,0,0,11,0,0,0,0,0,0,0,0,0,0,0,0,0,0,0,0,0,0,0,0,0,0,0,0,0,0,0,0
894,894,884,0,0,848,0,863,839,9,0,0,0,0,9,0,0,0,0,0,0,0,0,0,0,0,0,0,0,0,0,0,0,0,0,0,0,0,0,0,0,0,0
914,914,868,0,0,803,0,836,843,11,0,0,0,0,11,0,0,0,0,0,0,0,0,0,0,0,0,0,0,0,0,0,0,0,0,0,0,0,0,0,0,0,0
880,880,839,0,0,829,0,818,811,14,0,0,0,0,14,0,0,0,0,0,0,0,0,0,0,0,0,0,0,0,0,0,0,0,0,0,0,0,0,0,0,0,0
0,0,0,0,0,0,0,0,0,0,0,0,0,0,0,0,0,0,0,0,0,0,0,0,0,0,0,0,0,0,0,0,0,0,0,0,0,0,0,0,0,0,0
0,0,0,0,0,0,0,0,0,0,0,0,0,0,0,0,0,0,0,0,0,0,0,0,0,0,0,0,0,0,0,0,0,0,0,0,0,0,0,0,0,0,0
0,0,0,0,0,0,0,0,0,0,0,0,0,0,0,0,0,0,0,0,0,0,0,0,0,0,0,0,0,0,0,0,0,0,0,0,0,0,0,0,0,0,0
0,0,0,0,0,0,0,0,0,0,0,0,0,0,0,0,0,0,0,0,0,0,0,0,0,0,0,0,0,0,0,0,0,0,0,0,0,0,0,0,0,0,0
0,0,0,0,0,0,0,0,0,0,0,0,0,0,0,0,0,0,0,0,0,0,0,0,0,0,0,0,0,0,0,0,0,0,0,0,0,0,0,0,0,0,0
0,0,0,0,0,0,0,0,0,0,0,0,0,0,0,0,0,0,0,0,0,0,0,0,0,0,0,0,0,0,0,0,0,0,0,0,0,0,0,0,0,0,0
0,0,0,0,0,0,0,0,0,0,0,0,0,0,0,0,0,0,0,0,0,0,0,0,0,0,0,0,0,0,0,0,0,0,0,0,0,0,0,0,0,0,0
0,0,0,0,0,0,0,0,0,0,0,0,0,0,0,0,0,0,0,0,0,0,0,0,0,0,0,0,0,0,0,0,0,0,0,0,0,0,0,0,0,0,0
0,0,0,0,0,0,0,0,0,0,0,0,0,0,0,0,0,0,0,0,0,0,0,0,0,0,0,0,0,0,0,0,0,0,0,0,0,0,0,0,0,0,0
595,595,653,0,0,676,0,630,659,0,0,0,0,0,0,0,0,0,0,0,0,0,0,0,0,296,0,0,0,0,0,0,0,0,0,0,0,0,0,0,0,0,0
595,595,653,0,0,676,0,630,659,0,0,0,0,0,0,0,0,0,0,0,0,0,0,0,0,296,0,0,0,0,0,0,0,0,0,0,0,0,0,0,0,0,0
562,562,505,0,0,580,0,591,619,0,0,0,0,0,0,0,0,0,0,0,0,0,0,0,0,356,0,0,0,0,0,0,0,0,0,0,0,0,0,0,0,0,0
0,0,0,0,0,0,0,0,0,0,0,0,0,0,0,0,0,0,0,0,0,0,0,0,0,0,0,0,0,0,0,0,0,0,0,0,0,0,0,0,0,0,0
0,0,0,0,0,0,0,0,0,0,0,0,0,0,0,0,0,0,0,0,0,0,0,0,0,0,0,0,0,0,0,0,0,0,0,0,0,0,0,0,0,0,0
499,499,642,0,0,751,0,772,736,0,0,0,0,0,0,0,0,0,0,0,0,0,0,0,0,453,0,0,0,0,0,0,0,0,0,0,0,0,0,0,0,0,0
0,0,0,0,0,0,0,0,0,0,0,0,0,0,0,0,0,0,0,0,0,0,0,0,0,0,0,0,0,0,0,0,0,0,0,0,0,0,0,0,0,0,0
0,0,0,0,0,0,0,0,0,0,0,0,0,0,0,0,0,0,0,0,0,0,0,0,0,0,0,0,0,0,0,0,0,0,0,0,0,0,0,0,0,0,0
0,0,0,0,0,0,0,0,0,0,0,0,0,0,0,0,0,0,0,0,0,0,0,0,0,0,0,0,0,0,0,0,0,0,0,0,0,0,0,0,0,0,0
592,592,738,0,0,999,0,960,979,0,0,0,0,0,0,0,0,0,0,0,0,0,0,0,0,562,0,0,0,0,0,0,0,0,0,0,0,0,0,0,0,0,0
592,592,738,0,0,999,0,960,979,0,0,0,0,0,0,0,0,0,0,0,0,0,0,0,0,562,0,0,0,0,0,0,0,0,0,0,0,0,0,0,0,0,0
589,589,733,0,0,980,0,957,976,0,0,0,0,0,0,0,0,0,0,0,0,0,0,0,0,547,0,0,0,0,0,0,0,0,0,0,0,0,0,0,0,0,0
613,613,767,0,0,1030,0,1006,999,0,0,0,0,0,0,0,0,0,0,0,0,0,0,0,0,572,0,0,0,0,0,0,0,0,0,0,0,0,0,0,0,0,0
612,612,747,0,0,990,0,932,961,0,0,0,0,0,0,0,0,0,0,0,0,0,0,0,0,560,0,0,0,0,0,0,0,0,0,0,0,0,0,0,0,0,0
0,0,0,0,0,0,0,0,0,0,0,0,0,0,0,0,0,0,0,0,0,0,0,0,0,0,0,0,0,0,0,0,0,0,0,0,0,0,0,0,0,0,0
0,0,0,0,0,0,0,0,0,0,0,0,0,0,0,0,0,0,0,0,0,0,0,0,0,0,0,0,0,0,0,0,0,0,0,0,0,0,0,0,0,0,0
0,0,0,0,0,0,0,0,0,0,0,0,0,0,0,0,0,0,0,0,0,0,0,0,0,0,0,0,0,0,0,0,0,0,0,0,0,0,0,0,0,0,0
0,0,0,0,0,0,0,0,0,0,0,0,0,0,0,0,0,0,0,0,0,0,0,0,0,0,0,0,0,0,0,0,0,0,0,0,0,0,0,0,0,0,0
0,0,0,0,0,0,0,0,0,0,0,0,0,0,0,0,0,0,0,0,0,0,0,0,0,0,0,0,0,0,0,0,0,0,0,0,0,0,0,0,0,0,0
0,0,0,0,0,0,0,0,0,0,0,0,0,0,0,0,0,0,0,0,0,0,0,0,0,0,0,0,0,0,0,0,0,0,0,0,0,0,0,0,0,0,0
0,0,0,0,0,0,0,0,0,0,0,0,0,0,0,0,0,0,0,0,0,0,0,0,0,0,0,0,0,0,0,0,0,0,0,0,0,0,0,0,0,0,0
0,0,0,0,0,0,0,0,0,0,0,0,0,0,0,0,0,0,0,0,0,0,0,0,0,0,0,0,0,0,0,0,0,0,0,0,0,0,0,0,0,0,0
0,0,0,0,0,0,0,0,0,0,0,0,0,0,0,0,0,0,0,0,0,0,0,0,0,0,0,0,0,0,0,0,0,0,0,0,0,0,0,0,0,0,0
0,0,0,0,0,0,0,0,0,0,0,0,0,0,0,0,0,0,0,0,0,0,0,0,0,0,0,0,0,0,0,0,0,0,0,0,0,0,0,0,0,0,0
0,0,0,0,0,0,0,0,0,0,0,0,0,0,0,0,0,0,0,0,0,0,0,0,0,0,0,0,0,0,0,0,0,0,0,0,0,0,0,0,0,0,0
469,469,618,0,0,867,0,841,831,0,0,0,0,0,0,0,0,0,0,0,0,0,0,0,0,541,0,0,0,0,0,0,0,0,0,0,0,0,0,0,0,0,0
481,481,667,0,0,857,0,839,844,0,0,0,0,0,0,0,0,0,0,0,0,0,0,0,0,489,0,0,0,0,0,0,0,0,0,0,0,0,0,0,0,0,0
0,0,0,0,0,0,0,0,0,0,0,0,0,0,0,0,0,0,0,0,0,0,0,0,0,0,0,0,0,0,0,0,0,0,0,0,0,0,0,0,0,0,0
531,531,666,0,0,838,0,843,837,0,0,0,0,0,0,0,0,0,0,0,0,0,0,0,0,481,0,0,0,0,0,0,0,0,0,0,0,0,0,0,0,0,0
512,512,636,0,0,822,0,807,811,0,0,0,0,0,0,0,0,0,0,0,0,0,0,0,0,457,0,0,0,0,0,0,0,0,0,0,0,0,0,0,0,0,0
501,501,666,0,0,824,0,842,803,0,0,0,0,0,0,0,0,0,0,0,0,0,0,0,0,536,0,0,0,0,0,0,0,0,0,0,0,0,0,0,0,0,0
508,508,691,0,0,832,0,824,838,0,0,0,0,0,0,0,0,0,0,0,0,0,0,0,0,501,0,0,0,0,0,0,0,0,0,0,0,0,0,0,0,0,0
510,510,689,0,0,828,0,831,833,0,0,0,0,0,0,0,0,0,0,0,0,0,0,0,0,519,0,0,0,0,0,0,0,0,0,0,0,0,0,0,0,0,0
522,522,663,0,0,820,0,813,811,0,0,0,0,0,0,0,0,0,0,0,0,0,0,0,0,534,0,0,0,0,0,0,0,0,0,0,0,0,0,0,0,0,0
0,0,0,0,0,0,0,0,0,0,0,0,0,0,0,0,0,0,0,0,0,0,0,0,0,0,0,0,0,0,0,0,0,0,0,0,0,0,0,0,0,0,0
0,0,0,0,0,0,0,0,0,0,0,0,0,0,0,0,0,0,0,0,0,0,0,0,0,0,0,0,0,0,0,0,0,0,0,0,0,0,0,0,0,0,0
0,0,0,0,0,0,0,0,0,0,0,0,0,0,0,0,0,0,0,0,0,0,0,0,0,0,0,0,0,0,0,0,0,0,0,0,0,0,0,0,0,0,0
0,0,0,0,0,0,0,0,0,0,0,0,0,0,0,0,0,0,0,0,0,0,0,0,0,0,0,0,0,0,0,0,0,0,0,0,0,0,0,0,0,0,0
0,0,0,0,0,0,0,0,0,0,0,0,0,0,0,0,0,0,0,0,0,0,0,0,0,0,0,0,0,0,0,0,0,0,0,0,0,0,0,0,0,0,0
0,0,0,0,0,0,0,0,0,0,0,0,0,0,0,0,0,0,0,0,0,0,0,0,0,0,0,0,0,0,0,0,0,0,0,0,0,0,0,0,0,0,0
0,0,0,0,0,0,0,0,0,0,0,0,0,0,0,0,0,0,0,0,0,0,0,0,0,0,0,0,0,0,0,0,0,0,0,0,0,0,0,0,0,0,0
0,0,0,0,0,0,0,0,0,0,0,0,0,0,0,0,0,0,0,0,0,0,0,0,0,0,0,0,0,0,0,0,0,0,0,0,0,0,0,0,0,0,0
0,0,0,0,0,0,0,0,0,0,0,0,0,0,0,0,0,0,0,0,0,0,0,0,0,0,0,0,0,0,0,0,0,0,0,0,0,0,0,0,0,0,0
759,759,778,0,0,542,0,547,543,0,0,0,0,0,0,0,0,0,0,465,0,465,0,528,449,535,0,0,0,0,541,0,0,0,545,0,0,0,0,0,0,0,0
759,759,778,0,0,542,0,547,543,0,0,0,0,0,0,0,0,0,0,465,0,465,0,528,449,535,0,0,0,0,541,0,0,0,545,0,0,0,0,0,0,0,0
802,802,605,0,0,594,0,601,641,0,0,0,0,0,0,0,0,0,0,536,0,536,0,608,518,593,0,0,0,0,599,0,0,0,625,0,0,0,0,0,0,0,0
0,0,0,0,0,0,0,0,0,0,0,0,0,0,0,0,0,0,0,0,0,0,0,0,0,0,0,0,0,0,0,0,0,0,0,0,0,0,0,0,0,0,0
0,0,0,0,0,0,0,0,0,0,0,0,0,0,0,0,0,0,0,0,0,0,0,0,0,0,0,0,0,0,0,0,0,0,0,0,0,0,0,0,0,0,0
590,590,782,0,0,628,0,636,662,0,0,0,0,0,0,0,0,0,0,654,0,654,0,702,621,652,0,0,0,0,657,0,0,0,691,0,0,0,0,0,0,0,0
0,0,0,0,0,0,0,0,0,0,0,0,0,0,0,0,0,0,0,0,0,0,0,0,0,0,0,0,0,0,0,0,0,0,0,0,0,0,0,0,0,0,0
0,0,0,0,0,0,0,0,0,0,0,0,0,0,0,0,0,0,0,0,0,0,0,0,0,0,0,0,0,0,0,0,0,0,0,0,0,0,0,0,0,0,0
0,0,0,0,0,0,0,0,0,0,0,0,0,0,0,0,0,0,0,0,0,0,0,0,0,0,0,0,0,0,0,0,0,0,0,0,0,0,0,0,0,0,0
699,699,787,0,0,847,0,843,873,0,0,0,0,0,0,0,0,0,0,825,0,825,0,874,765,897,0,0,0,0,885,0,0,0,853,0,0,0,0,0,0,0,0
699,699,787,0,0,847,0,843,873,0,0,0,0,0,0,0,0,0,0,825,0,825,0,874,765,897,0,0,0,0,885,0,0,0,853,0,0,0,0,0,0,0,0
760,760,781,0,0,879,0,833,858,0,0,0,0,0,0,0,0,0,0,813,0,813,0,853,748,891,0,0,0,0,857,0,0,0,855,0,0,0,0,0,0,0,0
725,725,795,0,0,866,0,839,878,0,0,0,0,0,0,0,0,0,0,824,0,824,0,843,780,888,0,0,0,0,882,0,0,0,847,0,0,0,0,0,0,0,0
755,755,833,0,0,850,0,839,844,0,0,0,0,0,0,0,0,0,0,823,0,823,0,859,767,886,0,0,0,0,856,0,0,0,846,0,0,0,0,0,0,0,0
0,0,0,0,0,0,0,0,0,0,0,0,0,0,0,0,0,0,0,0,0,0,0,0,0,0,0,0,0,0,0,0,0,0,0,0,0,0,0,0,0,0,0
0,0,0,0,0,0,0,0,0,0,0,0,0,0,0,0,0,0,0,0,0,0,0,0,0,0,0,0,0,0,0,0,0,0,0,0,0,0,0,0,0,0,0
0,0,0,0,0,0,0,0,0,0,0,0,0,0,0,0,0,0,0,0,0,0,0,0,0,0,0,0,0,0,0,0,0,0,0,0,0,0,0,0,0,0,0
0,0,0,0,0,0,0,0,0,0,0,0,0,0,0,0,0,0,0,0,0,0,0,0,0,0,0,0,0,0,0,0,0,0,0,0,0,0,0,0,0,0,0
0,0,0,0,0,0,0,0,0,0,0,0,0,0,0,0,0,0,0,0,0,0,0,0,0,0,0,0,0,0,0,0,0,0,0,0,0,0,0,0,0,0,0
0,0,0,0,0,0,0,0,0,0,0,0,0,0,0,0,0,0,0,0,0,0,0,0,0,0,0,0,0,0,0,0,0,0,0,0,0,0,0,0,0,0,0
0,0,0,0,0,0,0,0,0,0,0,0,0,0,0,0,0,0,0,0,0,0,0,0,0,0,0,0,0,0,0,0,0,0,0,0,0,0,0,0,0,0,0
0,0,0,0,0,0,0,0,0,0,0,0,0,0,0,0,0,0,0,0,0,0,0,0,0,0,0,0,0,0,0,0,0,0,0,0,0,0,0,0,0,0,0
0,0,0,0,0,0,0,0,0,0,0,0,0,0,0,0,0,0,0,0,0,0,0,0,0,0,0,0,0,0,0,0,0,0,0,0,0,0,0,0,0,0,0
0,0,0,0,0,0,0,0,0,0,0,0,0,0,0,0,0,0,0,0,0,0,0,0,0,0,0,0,0,0,0,0,0,0,0,0,0,0,0,0,0,0,0
0,0,0,0,0,0,0,0,0,0,0,0,0,0,0,0,0,0,0,0,0,0,0,0,0,0,0,0,0,0,0,0,0,0,0,0,0,0,0,0,0,0,0
666,666,663,0,0,698,0,673,683,0,0,0,0,0,0,0,0,0,0,740,0,740,0,782,665,726,0,0,0,0,705,0,0,0,730,0,0,0,0,0,0,0,0
615,615,701,0,0,699,0,661,736,0,0,0,0,0,0,0,0,0,0,666,0,666,0,690,661,703,0,0,0,0,676,0,0,0,684,0,0,0,0,0,0,0,0
0,0,0,0,0,0,0,0,0,0,0,0,0,0,0,0,0,0,0,0,0,0,0,0,0,0,0,0,0,0,0,0,0,0,0,0,0,0,0,0,0,0,0
638,638,684,0,0,702,0,681,709,0,0,0,0,0,0,0,0,0,0,685,0,685,0,724,638,698,0,0,0,0,693,0,0,0,708,0,0,0,0,0,0,0,0
622,622,733,0,0,685,0,644,693,0,0,0,0,0,0,0,0,0,0,659,0,659,0,674,654,664,0,0,0,0,667,0,0,0,647,0,0,0,0,0,0,0,0
742,742,726,0,0,745,0,726,743,0,0,0,0,0,0,0,0,0,0,710,0,710,0,766,674,757,0,0,0,0,726,0,0,0,759,0,0,0,0,0,0,0,0
784,784,758,0,0,757,0,733,761,0,0,0,0,0,0,0,0,0,0,705,0,705,0,756,671,739,0,0,0,0,714,0,0,0,751,0,0,0,0,0,0,0,0
788,788,753,0,0,729,0,715,751,0,0,0,0,0,0,0,0,0,0,729,0,729,0,764,686,776,0,0,0,0,760,0,0,0,788,0,0,0,0,0,0,0,0
767,767,748,0,0,752,0,733,756,0,0,0,0,0,0,0,0,0,0,739,0,739,0,755,671,755,0,0,0,0,717,0,0,0,766,0,0,0,0,0,0,0,0
0,0,0,0,0,0,0,0,0,0,0,0,0,0,0,0,0,0,0,0,0,0,0,0,0,0,0,0,0,0,0,0,0,0,0,0,0,0,0,0,0,0,0
0,0,0,0,0,0,0,0,0,0,0,0,0,0,0,0,0,0,0,0,0,0,0,0,0,0,0,0,0,0,0,0,0,0,0,0,0,0,0,0,0,0,0
0,0,0,0,0,0,0,0,0,0,0,0,0,0,0,0,0,0,0,0,0,0,0,0,0,0,0,0,0,0,0,0,0,0,0,0,0,0,0,0,0,0,0
0,0,0,0,0,0,0,0,0,0,0,0,0,0,0,0,0,0,0,0,0,0,0,0,0,0,0,0,0,0,0,0,0,0,0,0,0,0,0,0,0,0,0
0,0,0,0,0,0,0,0,0,0,0,0,0,0,0,0,0,0,0,0,0,0,0,0,0,0,0,0,0,0,0,0,0,0,0,0,0,0,0,0,0,0,0
0,0,0,0,0,0,0,0,0,0,0,0,0,0,0,0,0,0,0,0,0,0,0,0,0,0,0,0,0,0,0,0,0,0,0,0,0,0,0,0,0,0,0
0,0,0,0,0,0,0,0,0,0,0,0,0,0,0,0,0,0,0,0,0,0,0,0,0,0,0,0,0,0,0,0,0,0,0,0,0,0,0,0,0,0,0
0,0,0,0,0,0,0,0,0,0,0,0,0,0,0,0,0,0,0,0,0,0,0,0,0,0,0,0,0,0,0,0,0,0,0,0,0,0,0,0,0,0,0
0,0,0,0,0,0,0,0,0,0,0,0,0,0,0,0,0,0,0,0,0,0,0,0,0,0,0,0,0,0,0,0,0,0,0,0,0,0,0,0,0,0,0
1319,1319,1444,0,0,900,0,905,892,0,0,0,0,0,0,0,0,0,0,8,0,8,0,0,0,841,0,0,0,0,830,0,0,0,875,0,0,0,0,0,0,0,0
1319,1319,1444,0,0,900,0,905,892,0,0,0,0,0,0,0,0,0,0,8,0,8,0,0,0,841,0,0,0,0,830,0,0,0,875,0,0,0,0,0,0,0,0
1358,1358,1014,0,0,921,0,948,1033,0,0,0,0,0,0,0,0,0,0,13,0,13,0,0,0,879,0,0,0,0,904,0,0,0,894,0,0,0,0,0,0,0,0
0,0,0,0,0,0,0,0,0,0,0,0,0,0,0,0,0,0,0,0,0,0,0,0,0,0,0,0,0,0,0,0,0,0,0,0,0,0,0,0,0,0,0
0,0,0,0,0,0,0,0,0,0,0,0,0,0,0,0,0,0,0,0,0,0,0,0,0,0,0,0,0,0,0,0,0,0,0,0,0,0,0,0,0,0,0
1015,1015,1236,0,0,956,1,958,999,0,0,0,0,0,0,0,0,0,0,14,0,14,0,0,0,991,0,0,0,0,1002,0,0,0,1019,0,0,0,0,0,0,0,0
0,0,0,0,0,0,0,0,0,0,0,0,0,0,0,0,0,0,0,0,0,0,0,0,0,0,0,0,0,0,0,0,0,0,0,0,0,0,0,0,0,0,0
0,0,0,0,0,0,0,0,0,0,0,0,0,0,0,0,0,0,0,0,0,0,0,0,0,0,0,0,0,0,0,0,0,0,0,0,0,0,0,0,0,0,0
0,0,0,0,0,0,0,0,0,0,0,0,0,0,0,0,0,0,0,0,0,0,0,0,0,0,0,0,0,0,0,0,0,0,0,0,0,0,0,0,0,0,0
1108,1108,1356,0,0,1337,0,1289,1335,0,0,0,0,0,0,0,0,0,0,22,0,22,0,0,0,1341,0,0,0,0,1233,0,0,0,1321,0,0,0,0,0,0,0,0
1108,1108,1356,0,0,1337,0,1289,1335,0,0,0,0,0,0,0,0,0,0,22,0,22,0,0,0,1341,0,0,0,0,1233,0,0,0,1321,0,0,0,0,0,0,0,0
1265,1265,1345,0,0,1306,1,1283,1353,0,0,0,0,0,0,0,0,0,0,21,0,21,0,0,0,1315,0,0,0,0,1271,0,0,0,1311,0,0,0,0,0,0,0,0
1214,1214,1358,0,0,1333,0,1277,1355,0,0,0,0,0,0,0,0,0,0,23,0,23,0,0,0,1297,0,0,0,0,1247,0,0,0,1299,0,0,0,0,0,0,0,0
1291,1291,1380,0,0,1326,0,1273,1346,0,0,0,0,0,0,0,0,0,0,25,0,25,0,0,0,1309,0,0,0,0,1271,0,0,0,1325,0,0,0,0,0,0,0,0
0,0,0,0,0,0,0,0,0,0,0,0,0,0,0,0,0,0,0,0,0,0,0,0,0,0,0,0,0,0,0,0,0,0,0,0,0,0,0,0,0,0,0
0,0,0,0,0,0,0,0,0,0,0,0,0,0,0,0,0,0,0,0,0,0,0,0,0,0,0,0,0,0,0,0,0,0,0,0,0,0,0,0,0,0,0
0,0,0,0,0,0,0,0,0,0,0,0,0,0,0,0,0,0,0,0,0,0,0,0,0,0,0,0,0,0,0,0,0,0,0,0,0,0,0,0,0,0,0
0,0,0,0,0,0,0,0,0,0,0,0,0,0,0,0,0,0,0,0,0,0,0,0,0,0,0,0,0,0,0,0,0,0,0,0,0,0,0,0,0,0,0
0,0,0,0,0,0,0,0,0,0,0,0,0,0,0,0,0,0,0,0,0,0,0,0,0,0,0,0,0,0,0,0,0,0,0,0,0,0,0,0,0,0,0
0,0,0,0,0,0,0,0,0,0,0,0,0,0,0,0,0,0,0,0,0,0,0,0,0,0,0,0,0,0,0,0,0,0,0,0,0,0,0,0,0,0,0
0,0,0,0,0,0,0,0,0,0,0,0,0,0,0,0,0,0,0,0,0,0,0,0,0,0,0,0,0,0,0,0,0,0,0,0,0,0,0,0,0,0,0
0,0,0,0,0,0,0,0,0,0,0,0,0,0,0,0,0,0,0,0,0,0,0,0,0,0,0,0,0,0,0,0,0,0,0,0,0,0,0,0,0,0,0
0,0,0,0,0,0,0,0,0,0,0,0,0,0,0,0,0,0,0,0,0,0,0,0,0,0,0,0,0,0,0,0,0,0,0,0,0,0,0,0,0,0,0
0,0,0,0,0,0,0,0,0,0,0,0,0,0,0,0,0,0,0,0,0,0,0,0,0,0,0,0,0,0,0,0,0,0,0,0,0,0,0,0,0,0,0
0,0,0,0,0,0,0,0,0,0,0,0,0,0,0,0,0,0,0,0,0,0,0,0,0,0,0,0,0,0,0,0,0,0,0,0,0,0,0,0,0,0,0
1093,1093,1141,0,0,1126,1,1053,1145,0,0,0,0,0,0,0,0,0,0,17,0,17,0,0,0,1184,0,0,0,0,1123,0,0,0,1164,0,0,0,0,0,0,0,0
1044,1044,1259,0,0,1108,0,1047,1118,0,0,0,0,0,0,0,0,0,0,18,0,18,0,0,0,1081,0,0,0,0,1062,0,0,0,1084,0,0,0,0,0,0,0,0
0,0,0,0,0,0,0,0,0,0,0,0,0,0,0,0,0,0,0,0,0,0,0,0,0,0,0,0,0,0,0,0,0,0,0,0,0,0,0,0,0,0,0
1126,1126,1243,0,0,1068,0,1092,1142,0,0,0,0,0,0,0,0,0,0,14,0,14,0,0,0,1092,0,0,0,0,1087,0,0,0,1086,0,0,0,0,0,0,0,0
1065,1065,1239,0,0,1059,0,1055,1090,0,0,0,0,0,0,0,0,0,0,21,0,21,0,0,0,1061,0,0,0,0,1054,0,0,0,1042,0,0,0,0,0,0,0,0
1221,1221,1236,0,0,1117,1,1095,1157,0,0,0,0,0,0,0,0,0,0,17,0,17,0,0,0,1192,0,0,0,0,1155,0,0,0,1175,0,0,0,0,0,0,0,0
1287,1287,1278,0,0,1167,1,1143,1183,0,0,0,0,0,0,0,0,0,0,19,0,19,0,0,0,1170,0,0,0,0,1169,0,0,0,1139,0,0,0,0,0,0,0,0
1225,1225,1288,0,0,1169,1,1149,1177,0,0,0,0,0,0,0,0,0,0,16,0,16,0,0,0,1194,0,0,0,0,1150,0,0,0,1214,0,0,0,0,0,0,0,0
1247,1247,1293,0,0,1171,1,1147,1201,0,0,0,0,0,0,0,0,0,0,13,0,13,0,0,0,1141,0,0,0,0,1113,0,0,0,1153,0,0,0,0,0,0,0,0
0,0,0,0,0,0,0,0,0,0,0,0,0,0,0,0,0,0,0,0,0,0,0,0,0,0,0,0,0,0,0,0,0,0,0,0,0,0,0,0,0,0,0
0,0,0,0,0,0,0,0,0,0,0,0,0,0,0,0,0,0,0,0,0,0,0,0,0,0,0,0,0,0,0,0,0,0,0,0,0,0,0,0,0,0,0
0,0,0,0,0,0,0,0,0,0,0,0,0,0,0,0,0,0,0,0,0,0,0,0,0,0,0,0,0,0,0,0,0,0,0,0,0,0,0,0,0,0,0
0,0,0,0,0,0,0,0,0,0,0,0,0,0,0,0,0,0,0,0,0,0,0,0,0,0,0,0,0,0,0,0,0,0,0,0,0,0,0,0,0,0,0
0,0,0,0,0,0,0,0,0,0,0,0,0,0,0,0,0,0,0,0,0,0,0,0,0,0,0,0,0,0,0,0,0,0,0,0,0,0,0,0,0,0,0
0,0,0,0,0,0,0,0,0,0,0,0,0,0,0,0,0,0,0,0,0,0,0,0,0,0,0,0,0,0,0,0,0,0,0,0,0,0,0,0,0,0,0
0,0,0,0,0,0,0,0,0,0,0,0,0,0,0,0,0,0,0,0,0,0,0,0,0,0,0,0,0,0,0,0,0,0,0,0,0,0,0,0,0,0,0
0,0,0,0,0,0,0,0,0,0,0,0,0,0,0,0,0,0,0,0,0,0,0,0,0,0,0,0,0,0,0,0,0,0,0,0,0,0,0,0,0,0,0
0,0,0,0,0,0,0,0,0,0,0,0,0,0,0,0,0,0,0,0,0,0,0,0,0,0,0,0,0,0,0,0,0,0,0,0,0,0,0,0,0,0,0
1339,1339,1257,1299,1288,0,0,0,0,0,0,0,0,0,0,0,0,0,0,0,0,0,0,0,0,0,0,0,0,0,0,0,0,0,0,0,0,0,0,0,0,0,0
1339,1339,1257,1299,1288,0,0,0,0,0,0,0,0,0,0,0,0,0,0,0,0,0,0,0,0,0,0,0,0,0,0,0,0,0,0,0,0,0,0,0,0,0,0
1562,1562,1120,1135,1193,0,0,0,0,0,0,0,0,0,0,0,0,0,0,0,0,0,0,0,0,0,0,0,0,0,0,0,0,0,0,0,0,0,0,0,0,0,0
0,0,0,0,0,0,0,0,0,0,0,0,0,0,0,0,0,0,0,0,0,0,0,0,0,0,0,0,0,0,0,0,0,0,0,0,0,0,0,0,0,0,0
0,0,0,0,0,0,0,0,0,0,0,0,0,0,0,0,0,0,0,0,0,0,0,0,0,0,0,0,0,0,0,0,0,0,0,0,0,0,0,0,0,0,0
1237,1237,1395,1456,1401,0,0,0,0,0,0,0,0,0,0,0,0,0,0,0,0,0,0,0,0,0,0,0,0,0,0,0,0,0,0,0,0,0,0,0,0,0,0
0,0,0,0,0,0,0,0,0,0,0,0,0,0,0,0,0,0,0,0,0,0,0,0,0,0,0,0,0,0,0,0,0,0,0,0,0,0,0,0,0,0,0
0,0,0,0,0,0,0,0,0,0,0,0,0,0,0,0,0,0,0,0,0,0,0,0,0,0,0,0,0,0,0,0,0,0,0,0,0,0,0,0,0,0,0
0,0,0,0,0,0,0,0,0,0,0,0,0,0,0,0,0,0,0,0,0,0,0,0,0,0,0,0,0,0,0,0,0,0,0,0,0,0,0,0,0,0,0
1373,1373,1454,1452,1476,0,0,0,0,0,0,0,0,0,0,0,0,0,0,0,0,0,0,0,0,0,0,0,0,0,0,0,0,0,0,0,0,0,0,0,0,0,0
1373,1373,1454,1452,1476,0,0,0,0,0,0,0,0,0,0,0,0,0,0,0,0,0,0,0,0,0,0,0,0,0,0,0,0,0,0,0,0,0,0,0,0,0,0
1388,1388,1484,1448,1529,0,0,0,0,0,0,0,0,0,0,0,0,0,0,0,0,0,0,0,0,0,0,0,0,0,0,0,0,0,0,0,0,0,0,0,0,0,0
1426,1426,1442,1439,1480,0,0,0,0,0,0,0,0,0,0,0,0,0,0,0,0,0,0,0,0,0,0,0,0,0,0,0,0,0,0,0,0,0,0,0,0,0,0
1438,1438,1486,1447,1459,0,0,0,0,0,0,0,0,0,0,0,0,0,0,0,0,0,0,0,0,0,0,0,0,0,0,0,0,0,0,0,0,0,0,0,0,0,0
0,0,0,0,0,0,0,0,0,0,0,0,0,0,0,0,0,0,0,0,0,0,0,0,0,0,0,0,0,0,0,0,0,0,0,0,0,0,0,0,0,0,0
0,0,0,0,0,0,0,0,0,0,0,0,0,0,0,0,0,0,0,0,0,0,0,0,0,0,0,0,0,0,0,0,0,0,0,0,0,0,0,0,0,0,0
0,0,0,0,0,0,0,0,0,0,0,0,0,0,0,0,0,0,0,0,0,0,0,0,0,0,0,0,0,0,0,0,0,0,0,0,0,0,0,0,0,0,0
0,0,0,0,0,0,0,0,0,0,0,0,0,0,0,0,0,0,0,0,0,0,0,0,0,0,0,0,0,0,0,0,0,0,0,0,0,0,0,0,0,0,0
0,0,0,0,0,0,0,0,0,0,0,0,0,0,0,0,0,0,0,0,0,0,0,0,0,0,0,0,0,0,0,0,0,0,0,0,0,0,0,0,0,0,0
0,0,0,0,0,0,0,0,0,0,0,0,0,0,0,0,0,0,0,0,0,0,0,0,0,0,0,0,0,0,0,0,0,0,0,0,0,0,0,0,0,0,0
0,0,0,0,0,0,0,0,0,0,0,0,0,0,0,0,0,0,0,0,0,0,0,0,0,0,0,0,0,0,0,0,0,0,0,0,0,0,0,0,0,0,0
0,0,0,0,0,0,0,0,0,0,0,0,0,0,0,0,0,0,0,0,0,0,0,0,0,0,0,0,0,0,0,0,0,0,0,0,0,0,0,0,0,0,0
0,0,0,0,0,0,0,0,0,0,0,0,0,0,0,0,0,0,0,0,0,0,0,0,0,0,0,0,0,0,0,0,0,0,0,0,0,0,0,0,0,0,0
0,0,0,0,0,0,0,0,0,0,0,0,0,0,0,0,0,0,0,0,0,0,0,0,0,0,0,0,0,0,0,0,0,0,0,0,0,0,0,0,0,0,0
0,0,0,0,0,0,0,0,0,0,0,0,0,0,0,0,0,0,0,0,0,0,0,0,0,0,0,0,0,0,0,0,0,0,0,0,0,0,0,0,0,0,0
1322,1322,1410,1384,1440,0,0,0,0,0,0,0,0,0,0,0,0,0,0,0,0,0,0,0,0,0,0,0,0,0,0,0,0,0,0,0,0,0,0,0,0,0,0
1306,1306,1309,1296,1332,0,0,0,0,0,0,0,0,0,0,0,0,0,0,0,0,0,0,0,0,0,0,0,0,0,0,0,0,0,0,0,0,0,0,0,0,0,0
0,0,0,0,0,0,0,0,0,0,0,0,0,0,0,0,0,0,0,0,0,0,0,0,0,0,0,0,0,0,0,0,0,0,0,0,0,0,0,0,0,0,0
1301,1301,1306,1281,1332,0,0,0,0,0,0,0,0,0,0,0,0,0,0,0,0,0,0,0,0,0,0,0,0,0,0,0,0,0,0,0,0,0,0,0,0,0,0
1313,1313,1274,1280,1319,0,0,0,0,0,0,0,0,0,0,0,0,0,0,0,0,0,0,0,0,0,0,0,0,0,0,0,0,0,0,0,0,0,0,0,0,0,0
1425,1425,1394,1379,1420,0,0,0,0,0,0,0,0,0,0,0,0,0,0,0,0,0,0,0,0,0,0,0,0,0,0,0,0,0,0,0,0,0,0,0,0,0,0
1495,1495,1379,1409,1410,0,0,0,0,0,0,0,0,0,0,0,0,0,0,0,0,0,0,0,0,0,0,0,0,0,0,0,0,0,0,0,0,0,0,0,0,0,0
1486,1486,1383,1378,1428,0,0,0,0,0,0,0,0,0,0,0,0,0,0,0,0,0,0,0,0,0,0,0,0,0,0,0,0,0,0,0,0,0,0,0,0,0,0
1441,1441,1395,1413,1413,0,0,0,0,0,0,0,0,0,0,0,0,0,0,0,0,0,0,0,0,0,0,0,0,0,0,0,0,0,0,0,0,0,0,0,0,0,0
0,0,0,0,0,0,0,0,0,0,0,0,0,0,0,0,0,0,0,0,0,0,0,0,0,0,0,0,0,0,0,0,0,0,0,0,0,0,0,0,0,0,0
0,0,0,0,0,0,0,0,0,0,0,0,0,0,0,0,0,0,0,0,0,0,0,0,0,0,0,0,0,0,0,0,0,0,0,0,0,0,0,0,0,0,0
0,0,0,0,0,0,0,0,0,0,0,0,0,0,0,0,0,0,0,0,0,0,0,0,0,0,0,0,0,0,0,0,0,0,0,0,0,0,0,0,0,0,0
0,0,0,0,0,0,0,0,0,0,0,0,0,0,0,0,0,0,0,0,0,0,0,0,0,0,0,0,0,0,0,0,0,0,0,0,0,0,0,0,0,0,0
0,0,0,0,0,0,0,0,0,0,0,0,0,0,0,0,0,0,0,0,0,0,0,0,0,0,0,0,0,0,0,0,0,0,0,0,0,0,0,0,0,0,0
0,0,0,0,0,0,0,0,0,0,0,0,0,0,0,0,0,0,0,0,0,0,0,0,0,0,0,0,0,0,0,0,0,0,0,0,0,0,0,0,0,0,0
0,0,0,0,0,0,0,0,0,0,0,0,0,0,0,0,0,0,0,0,0,0,0,0,0,0,0,0,0,0,0,0,0,0,0,0,0,0,0,0,0,0,0
0,0,0,0,0,0,0,0,0,0,0,0,0,0,0,0,0,0,0,0,0,0,0,0,0,0,0,0,0,0,0,0,0,0,0,0,0,0,0,0,0,0,0
0,0,0,0,0,0,0,0,0,0,0,0,0,0,0,0,0,0,0,0,0,0,0,0,0,0,0,0,0,0,0,0,0,0,0,0,0,0,0,0,0,0,0
481,481,487,0,0,386,0,382,385,256,203,0,0,0,369,0,0,0,1,223,225,164,0,0,0,0,0,0,0,0,0,0,0,0,0,0,0,0,0,0,0,0,0
481,481,487,0,0,386,0,382,385,256,203,0,0,0,369,0,0,0,1,223,225,164,0,0,0,0,0,0,0,0,0,0,0,0,0,0,0,0,0,0,0,0,0
486,486,331,0,0,367,0,418,366,273,232,0,0,0,393,0,0,0,0,250,242,187,0,0,0,0,0,0,0,0,0,0,0,0,0,0,0,0,0,0,0,0,0
0,0,0,0,0,0,0,0,0,0,0,0,0,0,0,0,0,0,0,0,0,0,0,0,0,0,0,0,0,0,0,0,0,0,0,0,0,0,0,0,0,0,0
0,0,0,0,0,0,0,0,0,0,0,0,0,0,0,0,0,0,0,0,0,0,0,0,0,0,0,0,0,0,0,0,0,0,0,0,0,0,0,0,0,0,0
372,372,453,0,0,454,0,467,462,393,288,0,0,0,463,0,0,0,0,331,308,225,0,0,0,0,0,0,0,0,0,0,0,0,0,0,0,0,0,0,0,0,0
0,0,0,0,0,0,0,0,0,0,0,0,0,0,0,0,0,0,0,0,0,0,0,0,0,0,0,0,0,0,0,0,0,0,0,0,0,0,0,0,0,0,0
0,0,0,0,0,0,0,0,0,0,0,0,0,0,0,0,0,0,0,0,0,0,0,0,0,0,0,0,0,0,0,0,0,0,0,0,0,0,0,0,0,0,0
0,0,0,0,0,0,0,0,0,0,0,0,0,0,0,0,0,0,0,0,0,0,0,0,0,0,0,0,0,0,0,0,0,0,0,0,0,0,0,0,0,0,0
417,417,481,0,0,593,0,603,569,559,380,0,0,0,561,0,0,0,0,450,423,300,0,0,0,0,0,0,0,0,0,0,0,0,0,0,0,0,0,0,0,0,0
417,417,481,0,0,593,0,603,569,559,380,0,0,0,561,0,0,0,0,450,423,300,0,0,0,0,0,0,0,0,0,0,0,0,0,0,0,0,0,0,0,0,0
465,465,481,0,0,588,0,600,587,536,360,0,0,0,587,0,0,0,0,441,417,300,0,0,0,0,0,0,0,0,0,0,0,0,0,0,0,0,0,0,0,0,0
453,453,481,0,0,589,0,614,565,537,390,0,0,0,566,0,0,0,0,459,428,295,0,0,0,0,0,0,0,0,0,0,0,0,0,0,0,0,0,0,0,0,0
461,461,453,0,0,589,0,587,566,546,402,0,0,0,557,0,0,0,0,460,446,299,0,0,0,0,0,0,0,0,0,0,0,0,0,0,0,0,0,0,0,0,0
0,0,0,0,0,0,0,0,0,0,0,0,0,0,0,0,0,0,0,0,0,0,0,0,0,0,0,0,0,0,0,0,0,0,0,0,0,0,0,0,0,0,0
0,0,0,0,0,0,0,0,0,0,0,0,0,0,0,0,0,0,0,0,0,0,0,0,0,0,0,0,0,0,0,0,0,0,0,0,0,0,0,0,0,0,0
0,0,0,0,0,0,0,0,0,0,0,0,0,0,0,0,0,0,0,0,0,0,0,0,0,0,0,0,0,0,0,0,0,0,0,0,0,0,0,0,0,0,0
0,0,0,0,0,0,0,0,0,0,0,0,0,0,0,0,0,0,0,0,0,0,0,0,0,0,0,0,0,0,0,0,0,0,0,0,0,0,0,0,0,0,0
0,0,0,0,0,0,0,0,0,0,0,0,0,0,0,0,0,0,0,0,0,0,0,0,0,0,0,0,0,0,0,0,0,0,0,0,0,0,0,0,0,0,0
0,0,0,0,0,0,0,0,0,0,0,0,0,0,0,0,0,0,0,0,0,0,0,0,0,0,0,0,0,0,0,0,0,0,0,0,0,0,0,0,0,0,0
0,0,0,0,0,0,0,0,0,0,0,0,0,0,0,0,0,0,0,0,0,0,0,0,0,0,0,0,0,0,0,0,0,0,0,0,0,0,0,0,0,0,0
0,0,0,0,0,0,0,0,0,0,0,0,0,0,0,0,0,0,0,0,0,0,0,0,0,0,0,0,0,0,0,0,0,0,0,0,0,0,0,0,0,0,0
0,0,0,0,0,0,0,0,0,0,0,0,0,0,0,0,0,0,0,0,0,0,0,0,0,0,0,0,0,0,0,0,0,0,0,0,0,0,0,0,0,0,0
0,0,0,0,0,0,0,0,0,0,0,0,0,0,0,0,0,0,0,0,0,0,0,0,0,0,0,0,0,0,0,0,0,0,0,0,0,0,0,0,0,0,0
0,0,0,0,0,0,0,0,0,0,0,0,0,0,0,0,0,0,0,0,0,0,0,0,0,0,0,0,0,0,0,0,0,0,0,0,0,0,0,0,0,0,0
370,370,358,0,0,517,0,491,474,410,304,0,0,0,485,0,0,0,1,378,355,258,0,0,0,0,0,0,0,0,0,0,0,0,0,0,0,0,0,0,0,0,0
346,346,411,0,0,482,0,490,461,413,302,0,0,0,482,0,0,0,1,358,339,258,0,0,0,0,0,0,0,0,0,0,0,0,0,0,0,0,0,0,0,0,0
0,0,0,0,0,0,0,0,0,0,0,0,0,0,0,0,0,0,0,0,0,0,0,0,0,0,0,0,0,0,0,0,0,0,0,0,0,0,0,0,0,0,0
356,356,412,0,0,488,0,491,486,421,280,0,0,0,485,0,0,0,1,354,340,246,0,0,0,0,0,0,0,0,0,0,0,0,0,0,0,0,0,0,0,0,0
351,351,408,0,0,453,0,476,441,394,289,0,0,0,450,0,0,0,1,328,314,229,0,0,0,0,0,0,0,0,0,0,0,0,0,0,0,0,0,0,0,0,0
394,394,394,0,0,470,0,481,446,452,308,0,0,0,472,0,0,0,0,382,359,263,0,0,0,0,0,0,0,0,0,0,0,0,0,0,0,0,0,0,0,0,0
396,396,413,0,0,476,0,498,472,437,323,0,0,0,459,0,0,0,0,366,348,254,0,0,0,0,0,0,0,0,0,0,0,0,0,0,0,0,0,0,0,0,0
411,411,424,0,0,468,0,482,462,415,307,0,0,0,470,0,0,0,0,357,349,255,0,0,0,0,0,0,0,0,0,0,0,0,0,0,0,0,0,0,0,0,0
422,422,391,0,0,478,0,480,464,452,325,0,0,0,485,0,0,0,0,386,357,279,0,0,0,0,0,0,0,0,0,0,0,0,0,0,0,0,0,0,0,0,0
0,0,0,0,0,0,0,0,0,0,0,0,0,0,0,0,0,0,0,0,0,0,0,0,0,0,0,0,0,0,0,0,0,0,0,0,0,0,0,0,0,0,0
0,0,0,0,0,0,0,0,0,0,0,0,0,0,0,0,0,0,0,0,0,0,0,0,0,0,0,0,0,0,0,0,0,0,0,0,0,0,0,0,0,0,0
0,0,0,0,0,0,0,0,0,0,0,0,0,0,0,0,0,0,0,0,0,0,0,0,0,0,0,0,0,0,0,0,0,0,0,0,0,0,0,0,0,0,0
0,0,0,0,0,0,0,0,0,0,0,0,0,0,0,0,0,0,0,0,0,0,0,0,0,0,0,0,0,0,0,0,0,0,0,0,0,0,0,0,0,0,0
0,0,0,0,0,0,0,0,0,0,0,0,0,0,0,0,0,0,0,0,0,0,0,0,0,0,0,0,0,0,0,0,0,0,0,0,0,0,0,0,0,0,0
0,0,0,0,0,0,0,0,0,0,0,0,0,0,0,0,0,0,0,0,0,0,0,0,0,0,0,0,0,0,0,0,0,0,0,0,0,0,0,0,0,0,0
0,0,0,0,0,0,0,0,0,0,0,0,0,0,0,0,0,0,0,0,0,0,0,0,0,0,0,0,0,0,0,0,0,0,0,0,0,0,0,0,0,0,0
0,0,0,0,0,0,0,0,0,0,0,0,0,0,0,0,0,0,0,0,0,0,0,0,0,0,0,0,0,0,0,0,0,0,0,0,0,0,0,0,0,0,0
0,0,0,0,0,0,0,0,0,0,0,0,0,0,0,0,0,0,0,0,0,0,0,0,0,0,0,0,0,0,0,0,0,0,0,0,0,0,0,0,0,0,0
2612,2612,2635,0,0,1762,0,0,0,1741,1741,1910,1837,1853,0,0,0,0,0,0,0,0,0,0,0,1830,1727,0,1782,1797,1964,1998,1971,2002,0,0,0,0,0,0,0,0,0
2612,2612,2635,0,0,1762,0,0,0,1741,1741,1910,1837,1853,0,0,0,0,0,0,0,0,0,0,0,1830,1727,0,1782,1797,1964,1998,1971,2002,0,0,0,0,0,0,0,0,0
2635,2635,2112,0,0,2399,0,0,0,2558,2558,2702,2674,2657,0,0,0,0,0,0,0,0,0,0,0,2243,2369,0,2428,2356,2625,2623,2670,2689,0,0,0,0,0,0,0,0,0
0,0,0,0,0,0,0,0,0,0,0,0,0,0,0,0,0,0,0,0,0,0,0,0,0,0,0,0,0,0,0,0,0,0,0,0,0,0,0,0,0,0,0
0,0,0,0,0,0,0,0,0,0,0,0,0,0,0,0,0,0,0,0,0,0,0,0,0,0,0,0,0,0,0,0,0,0,0,0,0,0,0,0,0,0,0
1762,1762,2399,0,0,2546,0,0,0,3786,3786,3805,3854,3755,0,0,0,0,0,0,0,0,0,0,0,2805,3093,0,3201,2873,3171,3266,3250,3258,0,0,0,0,0,0,0,0,0
0,0,0,0,0,0,0,0,0,0,0,0,0,0,0,0,0,0,0,0,0,0,0,0,0,0,0,0,0,0,0,0,0,0,0,0,0,0,0,0,0,0,0
0,0,0,0,0,0,0,0,0,0,0,0,0,0,0,0,0,0,0,0,0,0,0,0,0,0,0,0,0,0,0,0,0,0,0,0,0,0,0,0,0,0,0
0,0,0,0,0,0,0,0,0,0,0,0,0,0,0,0,0,0,0,0,0,0,0,0,0,0,0,0,0,0,0,0,0,0,0,0,0,0,0,0,0,0,0
1741,1741,2558,0,0,3786,0,0,0,6018,6018,5868,5923,5798,0,0,0,0,0,0,0,0,0,0,0,4902,4475,0,4433,4164,4694,4617,4656,4603,0,0,0,0,0,0,0,0,0
1741,1741,2558,0,0,3786,0,0,0,6018,6018,5868,5923,5798,0,0,0,0,0,0,0,0,0,0,0,4902,4475,0,4433,4164,4694,4617,4656,4603,0,0,0,0,0,0,0,0,0
1910,1910,2702,0,0,3805,0,0,0,5868,5868,5814,5791,5699,0,0,0,0,0,0,0,0,0,0,0,4796,4485,0,4502,4177,4694,4575,4635,4584,0,0,0,0,0,0,0,0,0
1837,1837,2674,0,0,3854,0,0,0,5923,5923,5791,5810,5681,0,0,0,0,0,0,0,0,0,0,0,4778,4431,0,4448,4185,4633,4549,4626,4607,0,0,0,0,0,0,0,0,0
1853,1853,2657,0,0,3755,0,0,0,5798,5798,5699,5681,5600,0,0,0,0,0,0,0,0,0,0,0,4702,4374,0,4353,4111,4591,4482,4584,4546,0,0,0,0,0,0,0,0,0
0,0,0,0,0,0,0,0,0,0,0,0,0,0,0,0,0,0,0,0,0,0,0,0,0,0,0,0,0,0,0,0,0,0,0,0,0,0,0,0,0,0,0
0,0,0,0,0,0,0,0,0,0,0,0,0,0,0,0,0,0,0,0,0,0,0,0,0,0,0,0,0,0,0,0,0,0,0,0,0,0,0,0,0,0,0
0,0,0,0,0,0,0,0,0,0,0,0,0,0,0,0,0,0,0,0,0,0,0,0,0,0,0,0,0,0,0,0,0,0,0,0,0,0,0,0,0,0,0
0,0,0,0,0,0,0,0,0,0,0,0,0,0,0,0,0,0,0,0,0,0,0,0,0,0,0,0,0,0,0,0,0,0,0,0,0,0,0,0,0,0,0
0,0,0,0,0,0,0,0,0,0,0,0,0,0,0,0,0,0,0,0,0,0,0,0,0,0,0,0,0,0,0,0,0,0,0,0,0,0,0,0,0,0,0
0,0,0,0,0,0,0,0,0,0,0,0,0,0,0,0,0,0,0,0,0,0,0,0,0,0,0,0,0,0,0,0,0,0,0,0,0,0,0,0,0,0,0
0,0,0,0,0,0,0,0,0,0,0,0,0,0,0,0,0,0,0,0,0,0,0,0,0,0,0,0,0,0,0,0,0,0,0,0,0,0,0,0,0,0,0
0,0,0,0,0,0,0,0,0,0,0,0,0,0,0,0,0,0,0,0,0,0,0,0,0,0,0,0,0,0,0,0,0,0,0,0,0,0,0,0,0,0,0
0,0,0,0,0,0,0,0,0,0,0,0,0,0,0,0,0,0,0,0,0,0,0,0,0,0,0,0,0,0,0,0,0,0,0,0,0,0,0,0,0,0,0
0,0,0,0,0,0,0,0,0,0,0,0,0,0,0,0,0,0,0,0,0,0,0,0,0,0,0,0,0,0,0,0,0,0,0,0,0,0,0,0,0,0,0
0,0,0,0,0,0,0,0,0,0,0,0,0,0,0,0,0,0,0,0,0,0,0,0,0,0,0,0,0,0,0,0,0,0,0,0,0,0,0,0,0,0,0
1830,1830,2243,0,0,2805,0,0,0,4902,4902,4796,4778,4702,0,0,0,0,0,0,0,0,0,0,0,4010,3674,0,3680,3511,4132,3983,4086,4025,0,0,0,0,0,0,0,0,0
1727,1727,2369,0,0,3093,0,0,0,4475,4475,4485,4431,4374,0,0,0,0,0,0,0,0,0,0,0,3674,3368,0,3506,3248,3973,3804,3890,3936,0,0,0,0,0,0,0,0,0
0,0,0,0,0,0,0,0,0,0,0,0,0,0,0,0,0,0,0,0,0,0,0,0,0,0,0,0,0,0,0,0,0,0,0,0,0,0,0,0,0,0,0
1782,1782,2428,0,0,3201,0,0,0,4433,4433,4502,4448,4353,0,0,0,0,0,0,0,0,0,0,0,3680,3506,0,3620,3336,3960,3863,3955,3948,0,0,0,0,0,0,0,0,0
1797,1797,2356,0,0,2873,0,0,0,4164,4164,4177,4185,4111,0,0,0,0,0,0,0,0,0,0,0,3511,3248,0,3336,3040,3774,3672,3755,3737,0,0,0,0,0,0,0,0,0
1964,1964,2625,0,0,3171,0,0,0,4694,4694,4694,4633,4591,0,0,0,0,0,0,0,0,0,0,0,4132,3973,0,3960,3774,3738,3745,3819,3821,0,0,0,0,0,0,0,0,0
1998,1998,2623,0,0,3266,0,0,0,4617,4617,4575,4549,4482,0,0,0,0,0,0,0,0,0,0,0,3983,3804,0,3863,3672,3745,3804,3777,3805,0,0,0,0,0,0,0,0,0
1971,1971,2670,0,0,3250,0,0,0,4656,4656,4635,4626,4584,0,0,0,0,0,0,0,0,0,0,0,4086,3890,0,3955,3755,3819,3777,3884,3832,0,0,0,0,0,0,0,0,0
2002,2002,2689,0,0,3258,0,0,0,4603,4603,4584,4607,4546,0,0,0,0,0,0,0,0,0,0,0,4025,3936,0,3948,3737,3821,3805,3832,3764,0,0,0,0,0,0,0,0,0
0,0,0,0,0,0,0,0,0,0,0,0,0,0,0,0,0,0,0,0,0,0,0,0,0,0,0,0,0,0,0,0,0,0,0,0,0,0,0,0,0,0,0
0,0,0,0,0,0,0,0,0,0,0,0,0,0,0,0,0,0,0,0,0,0,0,0,0,0,0,0,0,0,0,0,0,0,0,0,0,0,0,0,0,0,0
0,0,0,0,0,0,0,0,0,0,0,0,0,0,0,0,0,0,0,0,0,0,0,0,0,0,0,0,0,0,0,0,0,0,0,0,0,0,0,0,0,0,0
0,0,0,0,0,0,0,0,0,0,0,0,0,0,0,0,0,0,0,0,0,0,0,0,0,0,0,0,0,0,0,0,0,0,0,0,0,0,0,0,0,0,0
0,0,0,0,0,0,0,0,0,0,0,0,0,0,0,0,0,0,0,0,0,0,0,0,0,0,0,0,0,0,0,0,0,0,0,0,0,0,0,0,0,0,0
0,0,0,0,0,0,0,0,0,0,0,0,0,0,0,0,0,0,0,0,0,0,0,0,0,0,0,0,0,0,0,0,0,0,0,0,0,0,0,0,0,0,0
0,0,0,0,0,0,0,0,0,0,0,0,0,0,0,0,0,0,0,0,0,0,0,0,0,0,0,0,0,0,0,0,0,0,0,0,0,0,0,0,0,0,0
0,0,0,0,0,0,0,0,0,0,0,0,0,0,0,0,0,0,0,0,0,0,0,0,0,0,0,0,0,0,0,0,0,0,0,0,0,0,0,0,0,0,0
0,0,0,0,0,0,0,0,0,0,0,0,0,0,0,0,0,0,0,0,0,0,0,0,0,0,0,0,0,0,0,0,0,0,0,0,0,0,0,0,0,0,0
2612,2612,2599,0,0,2166,2,2244,2186,1955,2500,2683,2575,2626,2278,2420,2448,2433,0,0,0,0,0,0,0,2094,0,0,0,0,0,0,0,0,0,0,0,0,0,0,0,0,0
2612,2612,2599,0,0,2166,2,2244,2186,1955,2500,2683,2575,2626,2278,2420,2448,2433,0,0,0,0,0,0,0,2094,0,0,0,0,0,0,0,0,0,0,0,0,0,0,0,0,0
2716,2716,2276,0,0,2718,1,2706,2984,3273,3647,3776,3759,3747,3407,3476,3534,3605,0,0,0,0,0,0,0,3036,0,0,0,0,0,0,0,0,0,0,0,0,0,0,0,0,0
0,0,0,0,0,0,0,0,0,0,0,0,0,0,0,0,0,0,0,0,0,0,0,0,0,0,0,0,0,0,0,0,0,0,0,0,0,0,0,0,0,0,0
0,0,0,0,0,0,0,0,0,0,0,0,0,0,0,0,0,0,0,0,0,0,0,0,0,0,0,0,0,0,0,0,0,0,0,0,0,0,0,0,0,0,0
2119,2119,2680,0,0,3368,4,3329,3505,4312,4938,5021,5058,5044,4692,4697,4780,4855,0,0,0,0,0,0,0,3625,0,0,0,0,0,0,0,0,0,0,0,0,0,0,0,0,0
0,0,0,0,0,0,0,0,0,0,0,0,0,0,0,0,0,0,0,0,0,0,0,0,0,0,0,0,0,0,0,0,0,0,0,0,0,0,0,0,0,0,0
0,0,0,0,0,0,0,0,0,0,0,0,0,0,0,0,0,0,0,0,0,0,0,0,0,0,0,0,0,0,0,0,0,0,0,0,0,0,0,0,0,0,0
0,0,0,0,0,0,0,0,0,0,0,0,0,0,0,0,0,0,0,0,0,0,0,0,0,0,0,0,0,0,0,0,0,0,0,0,0,0,0,0,0,0,0
2656,2656,3742,0,0,5555,5,5256,5628,8441,8018,7799,7765,7774,7653,7477,7462,7606,0,0,0,0,0,0,0,6365,0,0,0,0,0,0,0,0,0,0,0,0,0,0,0,0,0
2656,2656,3742,0,0,5555,5,5256,5628,8441,8018,7799,7765,7774,7653,7477,7462,7606,0,0,0,0,0,0,0,6365,0,0,0,0,0,0,0,0,0,0,0,0,0,0,0,0,0
2790,2790,3837,0,0,5599,3,5281,5718,8027,7870,7690,7678,7725,7592,7379,7353,7401,0,0,0,0,0,0,0,6304,0,0,0,0,0,0,0,0,0,0,0,0,0,0,0,0,0
2837,2837,3878,0,0,5613,4,5382,5687,8129,7857,7754,7684,7612,7640,7440,7444,7596,0,0,0,0,0,0,0,6223,0,0,0,0,0,0,0,0,0,0,0,0,0,0,0,0,0
2781,2781,3919,0,0,5642,5,5295,5695,8110,7837,7683,7703,7655,7592,7399,7378,7543,0,0,0,0,0,0,0,6316,0,0,0,0,0,0,0,0,0,0,0,0,0,0,0,0,0
0,0,0,0,0,0,0,0,0,0,0,0,0,0,0,0,0,0,0,0,0,0,0,0,0,0,0,0,0,0,0,0,0,0,0,0,0,0,0,0,0,0,0
0,0,0,0,0,0,0,0,0,0,0,0,0,0,0,0,0,0,0,0,0,0,0,0,0,0,0,0,0,0,0,0,0,0,0,0,0,0,0,0,0,0,0
0,0,0,0,0,0,0,0,0,0,0,0,0,0,0,0,0,0,0,0,0,0,0,0,0,0,0,0,0,0,0,0,0,0,0,0,0,0,0,0,0,0,0
0,0,0,0,0,0,0,0,0,0,0,0,0,0,0,0,0,0,0,0,0,0,0,0,0,0,0,0,0,0,0,0,0,0,0,0,0,0,0,0,0,0,0
0,0,0,0,0,0,0,0,0,0,0,0,0,0,0,0,0,0,0,0,0,0,0,0,0,0,0,0,0,0,0,0,0,0,0,0,0,0,0,0,0,0,0
0,0,0,0,0,0,0,0,0,0,0,0,0,0,0,0,0,0,0,0,0,0,0,0,0,0,0,0,0,0,0,0,0,0,0,0,0,0,0,0,0,0,0
0,0,0,0,0,0,0,0,0,0,0,0,0,0,0,0,0,0,0,0,0,0,0,0,0,0,0,0,0,0,0,0,0,0,0,0,0,0,0,0,0,0,0
0,0,0,0,0,0,0,0,0,0,0,0,0,0,0,0,0,0,0,0,0,0,0,0,0,0,0,0,0,0,0,0,0,0,0,0,0,0,0,0,0,0,0
0,0,0,0,0,0,0,0,0,0,0,0,0,0,0,0,0,0,0,0,0,0,0,0,0,0,0,0,0,0,0,0,0,0,0,0,0,0,0,0,0,0,0
0,0,0,0,0,0,0,0,0,0,0,0,0,0,0,0,0,0,0,0,0,0,0,0,0,0,0,0,0,0,0,0,0,0,0,0,0,0,0,0,0,0,0
0,0,0,0,0,0,0,0,0,0,0,0,0,0,0,0,0,0,0,0,0,0,0,0,0,0,0,0,0,0,0,0,0,0,0,0,0,0,0,0,0,0,0
2352,2352,2883,0,0,4139,3,3966,4184,6450,6517,6359,6320,6323,6125,5916,6008,6080,0,0,0,0,0,0,0,4393,0,0,0,0,0,0,0,0,0,0,0,0,0,0,0,0,0
2289,2289,3139,0,0,4156,3,4012,4370,5911,6150,6105,6115,5975,5837,5741,5782,5844,0,0,0,0,0,0,0,4668,0,0,0,0,0,0,0,0,0,0,0,0,0,0,0,0,0
0,0,0,0,0,0,0,0,0,0,0,0,0,0,0,0,0,0,0,0,0,0,0,0,0,0,0,0,0,0,0,0,0,0,0,0,0,0,0,0,0,0,0
2371,2371,3200,0,0,4379,2,4271,4508,5932,6142,6112,6143,6112,5967,5823,5880,5955,0,0,0,0,0,0,0,4856,0,0,0,0,0,0,0,0,0,0,0,0,0,0,0,0,0
2303,2303,3106,0,0,4011,3,3845,4147,5431,5783,5798,5797,5723,5516,5398,5514,5550,0,0,0,0,0,0,0,4408,0,0,0,0,0,0,0,0,0,0,0,0,0,0,0,0,0
2492,2492,3227,0,0,4273,3,4125,4289,6367,6039,6026,6003,6016,5799,5756,5816,5832,0,0,0,0,0,0,0,4851,0,0,0,0,0,0,0,0,0,0,0,0,0,0,0,0,0
2568,2568,3293,0,0,4382,5,4198,4403,6121,6041,6059,6026,5925,5844,5740,5801,5783,0,0,0,0,0,0,0,4849,0,0,0,0,0,0,0,0,0,0,0,0,0,0,0,0,0
2584,2584,3262,0,0,4409,3,4233,4474,6215,6131,6046,6096,6093,5859,5750,5768,5861,0,0,0,0,0,0,0,4976,0,0,0,0,0,0,0,0,0,0,0,0,0,0,0,0,0
2571,2571,3321,0,0,4420,3,4254,4442,6213,6090,6055,6050,6012,5860,5781,5830,5928,0,0,0,0,0,0,0,4886,0,0,0,0,0,0,0,0,0,0,0,0,0,0,0,0,0
0,0,0,0,0,0,0,0,0,0,0,0,0,0,0,0,0,0,0,0,0,0,0,0,0,0,0,0,0,0,0,0,0,0,0,0,0,0,0,0,0,0,0
0,0,0,0,0,0,0,0,0,0,0,0,0,0,0,0,0,0,0,0,0,0,0,0,0,0,0,0,0,0,0,0,0,0,0,0,0,0,0,0,0,0,0
0,0,0,0,0,0,0,0,0,0,0,0,0,0,0,0,0,0,0,0,0,0,0,0,0,0,0,0,0,0,0,0,0,0,0,0,0,0,0,0,0,0,0
0,0,0,0,0,0,0,0,0,0,0,0,0,0,0,0,0,0,0,0,0,0,0,0,0,0,0,0,0,0,0,0,0,0,0,0,0,0,0,0,0,0,0
0,0,0,0,0,0,0,0,0,0,0,0,0,0,0,0,0,0,0,0,0,0,0,0,0,0,0,0,0,0,0,0,0,0,0,0,0,0,0,0,0,0,0
0,0,0,0,0,0,0,0,0,0,0,0,0,0,0,0,0,0,0,0,0,0,0,0,0,0,0,0,0,0,0,0,0,0,0,0,0,0,0,0,0,0,0
0,0,0,0,0,0,0,0,0,0,0,0,0,0,0,0,0,0,0,0,0,0,0,0,0,0,0,0,0,0,0,0,0,0,0,0,0,0,0,0,0,0,0
0,0,0,0,0,0,0,0,0,0,0,0,0,0,0,0,0,0,0,0,0,0,0,0,0,0,0,0,0,0,0,0,0,0,0,0,0,0,0,0,0,0,0
0,0,0,0,0,0,0,0,0,0,0,0,0,0,0,0,0,0,0,0,0,0,0,0,0,0,0,0,0,0,0,0,0,0,0,0,0,0,0,0,0,0,0
1480,1480,1394,0,0,997,1,1037,998,522,0,0,0,0,560,0,0,0,543,447,0,497,548,0,0,841,0,0,0,0,847,0,0,0,894,0,0,0,0,0,334,373,368
1480,1480,1394,0,0,997,1,1037,998,522,0,0,0,0,560,0,0,0,543,447,0,497,548,0,0,841,0,0,0,0,847,0,0,0,894,0,0,0,0,0,334,373,368
1549,1549,1102,0,0,998,0,1073,1073,686,0,0,0,0,719,0,0,0,698,630,0,662,651,0,0,920,0,0,0,0,896,0,0,0,1003,0,0,0,0,0,486,502,511
0,0,0,0,0,0,0,0,0,0,0,0,0,0,0,0,0,0,0,0,0,0,0,0,0,0,0,0,0,0,0,0,0,0,0,0,0,0,0,0,0,0,0
0,0,0,0,0,0,0,0,0,0,0,0,0,0,0,0,0,0,0,0,0,0,0,0,0,0,0,0,0,0,0,0,0,0,0,0,0,0,0,0,0,0,0
1100,1100,1321,0,0,1030,0,1054,1047,815,0,0,0,0,838,0,0,0,838,752,0,742,779,0,0,965,0,0,0,0,949,0,0,0,1005,0,0,0,0,0,530,550,545
0,0,0,0,0,0,0,0,0,0,0,0,0,0,0,0,0,0,0,0,0,0,0,0,0,0,0,0,0,0,0,0,0,0,0,0,0,0,0,0,0,0,0
0,0,0,0,0,0,0,0,0,0,0,0,0,0,0,0,0,0,0,0,0,0,0,0,0,0,0,0,0,0,0,0,0,0,0,0,0,0,0,0,0,0,0
0,0,0,0,0,0,0,0,0,0,0,0,0,0,0,0,0,0,0,0,0,0,0,0,0,0,0,0,0,0,0,0,0,0,0,0,0,0,0,0,0,0,0
1316,1316,1485,0,0,1481,0,1427,1414,1288,0,0,0,0,1259,0,0,0,1243,1112,0,1091,1108,0,0,1424,0,0,0,0,1310,0,0,0,1414,0,0,0,0,0,796,783,807
1316,1316,1485,0,0,1481,0,1427,1414,1288,0,0,0,0,1259,0,0,0,1243,1112,0,1091,1108,0,0,1424,0,0,0,0,1310,0,0,0,1414,0,0,0,0,0,796,783,807
1398,1398,1490,0,0,1450,0,1446,1424,1244,0,0,0,0,1216,0,0,0,1220,1092,0,1078,1107,0,0,1390,0,0,0,0,1314,0,0,0,1399,0,0,0,0,0,790,779,807
1404,1404,1528,0,0,1468,0,1409,1424,1280,0,0,0,0,1275,0,0,0,1226,1099,0,1075,1138,0,0,1386,0,0,0,0,1329,0,0,0,1397,0,0,0,0,0,825,812,817
1444,1444,1559,0,0,1457,0,1454,1410,1294,0,0,0,0,1276,0,0,0,1270,1127,0,1086,1121,0,0,1390,0,0,0,0,1307,0,0,0,1388,0,0,0,0,0,839,814,824
0,0,0,0,0,0,0,0,0,0,0,0,0,0,0,0,0,0,0,0,0,0,0,0,0,0,0,0,0,0,0,0,0,0,0,0,0,0,0,0,0,0,0
0,0,0,0,0,0,0,0,0,0,0,0,0,0,0,0,0,0,0,0,0,0,0,0,0,0,0,0,0,0,0,0,0,0,0,0,0,0,0,0,0,0,0
0,0,0,0,0,0,0,0,0,0,0,0,0,0,0,0,0,0,0,0,0,0,0,0,0,0,0,0,0,0,0,0,0,0,0,0,0,0,0,0,0,0,0
0,0,0,0,0,0,0,0,0,0,0,0,0,0,0,0,0,0,0,0,0,0,0,0,0,0,0,0,0,0,0,0,0,0,0,0,0,0,0,0,0,0,0
0,0,0,0,0,0,0,0,0,0,0,0,0,0,0,0,0,0,0,0,0,0,0,0,0,0,0,0,0,0,0,0,0,0,0,0,0,0,0,0,0,0,0
0,0,0,0,0,0,0,0,0,0,0,0,0,0,0,0,0,0,0,0,0,0,0,0,0,0,0,0,0,0,0,0,0,0,0,0,0,0,0,0,0,0,0
0,0,0,0,0,0,0,0,0,0,0,0,0,0,0,0,0,0,0,0,0,0,0,0,0,0,0,0,0,0,0,0,0,0,0,0,0,0,0,0,0,0,0
0,0,0,0,0,0,0,0,0,0,0,0,0,0,0,0,0,0,0,0,0,0,0,0,0,0,0,0,0,0,0,0,0,0,0,0,0,0,0,0,0,0,0
0,0,0,0,0,0,0,0,0,0,0,0,0,0,0,0,0,0,0,0,0,0,0,0,0,0,0,0,0,0,0,0,0,0,0,0,0,0,0,0,0,0,0
0,0,0,0,0,0,0,0,0,0,0,0,0,0,0,0,0,0,0,0,0,0,0,0,0,0,0,0,0,0,0,0,0,0,0,0,0,0,0,0,0,0,0
0,0,0,0,0,0,0,0,0,0,0,0,0,0,0,0,0,0,0,0,0,0,0,0,0,0,0,0,0,0,0,0,0,0,0,0,0,0,0,0,0,0,0
1262,1262,1279,0,0,1180,0,1122,1134,970,0,0,0,0,956,0,0,0,959,861,0,817,872,0,0,1077,0,0,0,0,1024,0,0,0,1081,0,0,0,0,0,598,620,602
1173,1173,1364,0,0,1155,0,1138,1175,936,0,0,0,0,933,0,0,0,932,866,2,797,872,0,0,1057,0,0,0,0,1029,0,0,0,1090,0,0,0,0,0,621,613,654
0,0,0,0,0,0,0,0,0,0,0,0,0,0,0,0,0,0,0,0,0,0,0,0,0,0,0,0,0,0,0,0,0,0,0,0,0,0,0,0,0,0,0
1281,1281,1351,0,0,1167,0,1178,1154,936,0,0,0,0,988,0,0,0,935,840,2,842,872,0,0,1054,0,0,0,0,1093,0,0,0,1097,0,0,0,0,0,635,629,646
1159,1159,1336,0,0,1145,1,1107,1161,878,0,0,0,0,893,0,0,0,892,820,1,801,833,0,0,1044,0,0,0,0,1008,0,0,0,1071,0,0,0,0,0,616,608,654
1352,1352,1355,0,0,1168,0,1171,1159,1034,0,0,0,0,987,0,0,0,1039,925,0,909,927,0,0,1134,0,0,0,0,1102,0,0,0,1148,0,0,0,0,0,666,682,669
1379,1379,1392,0,0,1205,0,1210,1167,1008,0,0,0,0,973,0,0,0,988,930,0,938,912,0,0,1170,0,0,0,0,1109,0,0,0,1139,0,0,0,0,0,659,660,678
1391,1391,1356,0,0,1200,0,1217,1209,1053,0,0,0,0,1021,0,0,0,1027,932,0,921,933,0,0,1144,0,0,0,0,1125,0,0,0,1146,0,0,0,0,0,713,686,714
1435,1435,1376,0,0,1217,0,1234,1209,1027,0,0,0,0,988,0,0,0,1016,923,0,902,933,0,0,1144,0,0,0,0,1111,0,0,0,1146,0,0,0,0,0,682,685,699
0,0,0,0,0,0,0,0,0,0,0,0,0,0,0,0,0,0,0,0,0,0,0,0,0,0,0,0,0,0,0,0,0,0,0,0,0,0,0,0,0,0,0
0,0,0,0,0,0,0,0,0,0,0,0,0,0,0,0,0,0,0,0,0,0,0,0,0,0,0,0,0,0,0,0,0,0,0,0,0,0,0,0,0,0,0
0,0,0,0,0,0,0,0,0,0,0,0,0,0,0,0,0,0,0,0,0,0,0,0,0,0,0,0,0,0,0,0,0,0,0,0,0,0,0,0,0,0,0
0,0,0,0,0,0,0,0,0,0,0,0,0,0,0,0,0,0,0,0,0,0,0,0,0,0,0,0,0,0,0,0,0,0,0,0,0,0,0,0,0,0,0
0,0,0,0,0,0,0,0,0,0,0,0,0,0,0,0,0,0,0,0,0,0,0,0,0,0,0,0,0,0,0,0,0,0,0,0,0,0,0,0,0,0,0
0,0,0,0,0,0,0,0,0,0,0,0,0,0,0,0,0,0,0,0,0,0,0,0,0,0,0,0,0,0,0,0,0,0,0,0,0,0,0,0,0,0,0
0,0,0,0,0,0,0,0,0,0,0,0,0,0,0,0,0,0,0,0,0,0,0,0,0,0,0,0,0,0,0,0,0,0,0,0,0,0,0,0,0,0,0
0,0,0,0,0,0,0,0,0,0,0,0,0,0,0,0,0,0,0,0,0,0,0,0,0,0,0,0,0,0,0,0,0,0,0,0,0,0,0,0,0,0,0
0,0,0,0,0,0,0,0,0,0,0,0,0,0,0,0,0,0,0,0,0,0,0,0,0,0,0,0,0,0,0,0,0,0,0,0,0,0,0,0,0,0,0
477,477,481,0,0,419,2,412,418,0,0,0,0,0,0,0,0,0,0,447,474,464,495,0,0,384,0,0,0,0,390,0,0,0,391,0,0,0,0,0,0,0,0
477,477,481,0,0,419,2,412,418,0,0,0,0,0,0,0,0,0,0,447,474,464,495,0,0,384,0,0,0,0,390,0,0,0,391,0,0,0,0,0,0,0,0
458,458,366,0,0,456,3,479,512,0,0,0,0,0,0,0,0,0,0,627,656,664,646,0,0,499,0,0,0,0,483,0,0,0,552,0,0,0,0,0,0,0,0
0,0,0,0,0,0,0,0,0,0,0,0,0,0,0,0,0,0,0,0,0,0,0,0,0,0,0,0,0,0,0,0,0,0,0,0,0,0,0,0,0,0,0
0,0,0,0,0,0,0,0,0,0,0,0,0,0,0,0,0,0,0,0,0,0,0,0,0,0,0,0,0,0,0,0,0,0,0,0,0,0,0,0,0,0,0
380,380,491,0,0,566,2,554,605,0,0,0,0,0,0,0,0,0,0,870,887,873,874,0,0,600,0,0,0,0,616,0,0,0,614,0,0,0,0,0,0,0,0
0,0,0,0,0,0,0,0,0,0,0,0,0,0,0,0,0,0,0,0,0,0,0,0,0,0,0,0,0,0,0,0,0,0,0,0,0,0,0,0,0,0,0
0,0,0,0,0,0,0,0,0,0,0,0,0,0,0,0,0,0,0,0,0,0,0,0,0,0,0,0,0,0,0,0,0,0,0,0,0,0,0,0,0,0,0
0,0,0,0,0,0,0,0,0,0,0,0,0,0,0,0,0,0,0,0,0,0,0,0,0,0,0,0,0,0,0,0,0,0,0,0,0,0,0,0,0,0,0
531,531,673,0,0,945,3,914,968,0,0,0,0,0,0,0,0,0,0,1410,1319,1368,1350,0,0,1002,0,0,0,0,980,0,0,0,987,0,0,0,0,0,0,0,0
531,531,673,0,0,945,3,914,968,0,0,0,0,0,0,0,0,0,0,1410,1319,1368,1350,0,0,1002,0,0,0,0,980,0,0,0,987,0,0,0,0,0,0,0,0
532,532,722,0,0,956,3,901,974,0,0,0,0,0,0,0,0,0,0,1342,1305,1304,1300,0,0,1021,0,0,0,0,990,0,0,0,997,0,0,0,0,0,0,0,0
552,552,720,0,0,969,3,919,985,0,0,0,0,0,0,0,0,0,0,1394,1316,1335,1351,0,0,1002,0,0,0,0,963,0,0,0,987,0,0,0,0,0,0,0,0
574,574,695,0,0,949,3,919,944,0,0,0,0,0,0,0,0,0,0,1338,1286,1346,1284,0,0,989,0,0,0,0,999,0,0,0,971,0,0,0,0,0,0,0,0
0,0,0,0,0,0,0,0,0,0,0,0,0,0,0,0,0,0,0,0,0,0,0,0,0,0,0,0,0,0,0,0,0,0,0,0,0,0,0,0,0,0,0
0,0,0,0,0,0,0,0,0,0,0,0,0,0,0,0,0,0,0,0,0,0,0,0,0,0,0,0,0,0,0,0,0,0,0,0,0,0,0,0,0,0,0
0,0,0,0,0,0,0,0,0,0,0,0,0,0,0,0,0,0,0,0,0,0,0,0,0,0,0,0,0,0,0,0,0,0,0,0,0,0,0,0,0,0,0
0,0,0,0,0,0,0,0,0,0,0,0,0,0,0,0,0,0,0,0,0,0,0,0,0,0,0,0,0,0,0,0,0,0,0,0,0,0,0,0,0,0,0
0,0,0,0,0,0,0,0,0,0,0,0,0,0,0,0,0,0,0,0,0,0,0,0,0,0,0,0,0,0,0,0,0,0,0,0,0,0,0,0,0,0,0
0,0,0,0,0,0,0,0,0,0,0,0,0,0,0,0,0,0,0,0,0,0,0,0,0,0,0,0,0,0,0,0,0,0,0,0,0,0,0,0,0,0,0
0,0,0,0,0,0,0,0,0,0,0,0,0,0,0,0,0,0,0,0,0,0,0,0,0,0,0,0,0,0,0,0,0,0,0,0,0,0,0,0,0,0,0
0,0,0,0,0,0,0,0,0,0,0,0,0,0,0,0,0,0,0,0,0,0,0,0,0,0,0,0,0,0,0,0,0,0,0,0,0,0,0,0,0,0,0
0,0,0,0,0,0,0,0,0,0,0,0,0,0,0,0,0,0,0,0,0,0,0,0,0,0,0,0,0,0,0,0,0,0,0,0,0,0,0,0,0,0,0
0,0,0,0,0,0,0,0,0,0,0,0,0,0,0,0,0,0,0,0,0,0,0,0,0,0,0,0,0,0,0,0,0,0,0,0,0,0,0,0,0,0,0
0,0,0,0,0,0,0,0,0,0,0,0,0,0,0,0,0,0,0,0,0,0,0,0,0,0,0,0,0,0,0,0,0,0,0,0,0,0,0,0,0,0,0
403,403,473,0,0,687,3,661,726,0,0,0,0,0,0,0,0,0,0,1190,1134,1135,1133,0,0,733,0,0,0,0,746,0,0,0,734,0,0,0,0,0,0,0,0
412,412,526,0,0,701,3,665,738,0,0,0,0,0,0,0,0,0,0,1069,1013,1060,1052,0,0,778,0,0,0,0,754,0,0,0,766,0,0,0,0,0,0,0,0
0,0,0,0,0,0,0,0,0,0,0,0,0,0,0,0,0,0,0,0,0,0,0,0,0,0,0,0,0,0,0,0,0,0,0,0,0,0,0,0,0,0,0
422,422,547,0,0,738,3,705,757,0,0,0,0,0,0,0,0,0,0,1046,1027,1052,1065,0,0,812,0,0,0,0,786,0,0,0,794,0,0,0,0,0,0,0,0
423,423,538,0,0,675,3,635,699,0,0,0,0,0,0,0,0,0,0,984,923,983,977,0,0,709,0,0,0,0,701,0,0,0,701,0,0,0,0,0,0,0,0
431,431,544,0,0,707,3,656,722,0,0,0,0,0,0,0,0,0,0,1062,1050,1065,1042,0,0,739,0,0,0,0,714,0,0,0,752,0,0,0,0,0,0,0,0
475,475,555,0,0,720,4,693,703,0,0,0,0,0,0,0,0,0,0,1076,1069,1067,1051,0,0,753,0,0,0,0,739,0,0,0,787,0,0,0,0,0,0,0,0
453,453,564,0,0,709,2,694,725,0,0,0,0,0,0,0,0,0,0,1048,1039,1061,1051,0,0,762,0,0,0,0,773,0,0,0,737,0,0,0,0,0,0,0,0
446,446,548,0,0,705,1,664,721,0,0,0,0,0,0,0,0,0,0,1021,1019,1035,1040,0,0,752,0,0,0,0,713,0,0,0,788,0,0,0,0,0,0,0,0
0,0,0,0,0,0,0,0,0,0,0,0,0,0,0,0,0,0,0,0,0,0,0,0,0,0,0,0,0,0,0,0,0,0,0,0,0,0,0,0,0,0,0
0,0,0,0,0,0,0,0,0,0,0,0,0,0,0,0,0,0,0,0,0,0,0,0,0,0,0,0,0,0,0,0,0,0,0,0,0,0,0,0,0,0,0
0,0,0,0,0,0,0,0,0,0,0,0,0,0,0,0,0,0,0,0,0,0,0,0,0,0,0,0,0,0,0,0,0,0,0,0,0,0,0,0,0,0,0
0,0,0,0,0,0,0,0,0,0,0,0,0,0,0,0,0,0,0,0,0,0,0,0,0,0,0,0,0,0,0,0,0,0,0,0,0,0,0,0,0,0,0
0,0,0,0,0,0,0,0,0,0,0,0,0,0,0,0,0,0,0,0,0,0,0,0,0,0,0,0,0,0,0,0,0,0,0,0,0,0,0,0,0,0,0
0,0,0,0,0,0,0,0,0,0,0,0,0,0,0,0,0,0,0,0,0,0,0,0,0,0,0,0,0,0,0,0,0,0,0,0,0,0,0,0,0,0,0
0,0,0,0,0,0,0,0,0,0,0,0,0,0,0,0,0,0,0,0,0,0,0,0,0,0,0,0,0,0,0,0,0,0,0,0,0,0,0,0,0,0,0
0,0,0,0,0,0,0,0,0,0,0,0,0,0,0,0,0,0,0,0,0,0,0,0,0,0,0,0,0,0,0,0,0,0,0,0,0,0,0,0,0,0,0
0,0,0,0,0,0,0,0,0,0,0,0,0,0,0,0,0,0,0,0,0,0,0,0,0,0,0,0,0,0,0,0,0,0,0,0,0,0,0,0,0,0,0
1333,1333,1430,0,0,1141,0,1199,1134,869,1227,0,0,0,1101,0,0,0,0,954,1251,1226,0,0,0,0,0,0,0,0,0,0,0,0,0,0,0,0,0,0,1233,0,0
1333,1333,1430,0,0,1141,0,1199,1134,869,1227,0,0,0,1101,0,0,0,0,954,1251,1226,0,0,0,0,0,0,0,0,0,0,0,0,0,0,0,0,0,0,1233,0,0
1335,1335,1081,0,0,1206,1,1318,1302,1049,1355,0,0,0,1371,0,0,0,0,1258,1624,1605,0,0,0,0,0,0,0,0,0,0,0,0,0,0,0,0,0,0,1604,0,0
0,0,0,0,0,0,0,0,0,0,0,0,0,0,0,0,0,0,0,0,0,0,0,0,0,0,0,0,0,0,0,0,0,0,0,0,0,0,0,0,0,0,0
0,0,0,0,0,0,0,0,0,0,0,0,0,0,0,0,0,0,0,0,0,0,0,0,0,0,0,0,0,0,0,0,0,0,0,0,0,0,0,0,0,0,0
992,992,1408,0,0,1621,0,1661,1609,1460,1688,0,0,0,1947,0,0,0,0,1975,2129,2333,0,0,0,0,0,0,0,0,0,0,0,0,0,0,0,0,0,0,2462,0,0
0,0,0,0,0,0,0,0,0,0,0,0,0,0,0,0,0,0,0,0,0,0,0,0,0,0,0,0,0,0,0,0,0,0,0,0,0,0,0,0,0,0,0
0,0,0,0,0,0,0,0,0,0,0,0,0,0,0,0,0,0,0,0,0,0,0,0,0,0,0,0,0,0,0,0,0,0,0,0,0,0,0,0,0,0,0
0,0,0,0,0,0,0,0,0,0,0,0,0,0,0,0,0,0,0,0,0,0,0,0,0,0,0,0,0,0,0,0,0,0,0,0,0,0,0,0,0,0,0
1154,1154,1671,0,0,2540,2,2500,2466,3019,2476,0,0,0,2939,0,0,0,1,3602,3079,3405,0,0,0,0,0,0,0,0,0,0,0,0,0,0,0,0,0,0,3487,0,0
1154,1154,1671,0,0,2540,2,2500,2466,3019,2476,0,0,0,2939,0,0,0,1,3602,3079,3405,0,0,0,0,0,0,0,0,0,0,0,0,0,0,0,0,0,0,3487,0,0
1246,1246,1710,0,0,2533,2,2486,2465,2951,2486,0,0,0,2924,0,0,0,1,3457,3040,3316,0,0,0,0,0,0,0,0,0,0,0,0,0,0,0,0,0,0,3333,0,0
1209,1209,1717,0,0,2508,1,2485,2467,2985,2460,0,0,0,2909,0,0,0,1,3464,3072,3329,0,0,0,0,0,0,0,0,0,0,0,0,0,0,0,0,0,0,3425,0,0
1228,1228,1681,0,0,2472,1,2416,2400,2921,2475,0,0,0,2920,0,0,0,1,3405,2974,3364,0,0,0,0,0,0,0,0,0,0,0,0,0,0,0,0,0,0,3347,0,0
0,0,0,0,0,0,0,0,0,0,0,0,0,0,0,0,0,0,0,0,0,0,0,0,0,0,0,0,0,0,0,0,0,0,0,0,0,0,0,0,0,0,0
0,0,0,0,0,0,0,0,0,0,0,0,0,0,0,0,0,0,0,0,0,0,0,0,0,0,0,0,0,0,0,0,0,0,0,0,0,0,0,0,0,0,0
0,0,0,0,0,0,0,0,0,0,0,0,0,0,0,0,0,0,0,0,0,0,0,0,0,0,0,0,0,0,0,0,0,0,0,0,0,0,0,0,0,0,0
0,0,0,0,0,0,0,0,0,0,0,0,0,0,0,0,0,0,0,0,0,0,0,0,0,0,0,0,0,0,0,0,0,0,0,0,0,0,0,0,0,0,0
0,0,0,0,0,0,0,0,0,0,0,0,0,0,0,0,0,0,0,0,0,0,0,0,0,0,0,0,0,0,0,0,0,0,0,0,0,0,0,0,0,0,0
0,0,0,0,0,0,0,0,0,0,0,0,0,0,0,0,0,0,0,0,0,0,0,0,0,0,0,0,0,0,0,0,0,0,0,0,0,0,0,0,0,0,0
0,0,0,0,0,0,0,0,0,0,0,0,0,0,0,0,0,0,0,0,0,0,0,0,0,0,0,0,0,0,0,0,0,0,0,0,0,0,0,0,0,0,0
0,0,0,0,0,0,0,0,0,0,0,0,0,0,0,0,0,0,0,0,0,0,0,0,0,0,0,0,0,0,0,0,0,0,0,0,0,0,0,0,0,0,0
0,0,0,0,0,0,0,0,0,0,0,0,0,0,0,0,0,0,0,0,0,0,0,0,0,0,0,0,0,0,0,0,0,0,0,0,0,0,0,0,0,0,0
0,0,0,0,0,0,0,0,0,0,0,0,0,0,0,0,0,0,0,0,0,0,0,0,0,0,0,0,0,0,0,0,0,0,0,0,0,0,0,0,0,0,0
0,0,0,0,0,0,0,0,0,0,0,0,0,0,0,0,0,0,0,0,0,0,0,0,0,0,0,0,0,0,0,0,0,0,0,0,0,0,0,0,0,0,0
1011,1011,1376,0,0,2064,1,2029,1960,2049,2001,0,0,0,2304,0,0,0,0,2708,2607,2836,0,0,0,0,0,0,0,0,0,0,0,0,0,0,0,0,0,0,2873,0,0
1035,1035,1422,0,0,1989,1,1990,1990,2068,1954,0,0,0,2290,0,0,0,0,2552,2461,2677,0,0,0,0,0,0,0,0,0,0,0,0,0,0,0,0,0,0,2737,0,0
0,0,0,0,0,0,0,0,0,0,0,0,0,0,0,0,0,0,0,0,0,0,0,0,0,0,0,0,0,0,0,0,0,0,0,0,0,0,0,0,0,0,0
1070,1070,1500,0,0,2010,1,2014,1986,2126,1994,0,0,0,2370,0,0,0,1,2513,2492,2705,0,0,0,0,0,0,0,0,0,0,0,0,0,0,0,0,0,0,2768,0,0
1118,1118,1366,0,0,1919,1,1963,1901,1911,1824,0,0,0,2163,0,0,0,0,2321,2286,2532,0,0,0,0,0,0,0,0,0,0,0,0,0,0,0,0,0,0,2561,0,0
1086,1086,1464,0,0,1925,0,1881,1875,2157,1889,0,0,0,2192,0,0,0,0,2627,2446,2681,0,0,0,0,0,0,0,0,0,0,0,0,0,0,0,0,0,0,2751,0,0
1164,1164,1457,0,0,1899,0,1903,1886,2111,1946,0,0,0,2231,0,0,0,0,2619,2397,2638,0,0,0,0,0,0,0,0,0,0,0,0,0,0,0,0,0,0,2709,0,0
1119,1119,1485,0,0,1932,1,1881,1897,2204,1941,0,0,0,2197,0,0,0,0,2598,2451,2670,0,0,0,0,0,0,0,0,0,0,0,0,0,0,0,0,0,0,2678,0,0
1117,1117,1469,0,0,1947,0,1909,1935,2168,1921,0,0,0,2257,0,0,0,0,2607,2428,2697,0,0,0,0,0,0,0,0,0,0,0,0,0,0,0,0,0,0,2710,0,0
0,0,0,0,0,0,0,0,0,0,0,0,0,0,0,0,0,0,0,0,0,0,0,0,0,0,0,0,0,0,0,0,0,0,0,0,0,0,0,0,0,0,0
0,0,0,0,0,0,0,0,0,0,0,0,0,0,0,0,0,0,0,0,0,0,0,0,0,0,0,0,0,0,0,0,0,0,0,0,0,0,0,0,0,0,0
0,0,0,0,0,0,0,0,0,0,0,0,0,0,0,0,0,0,0,0,0,0,0,0,0,0,0,0,0,0,0,0,0,0,0,0,0,0,0,0,0,0,0
0,0,0,0,0,0,0,0,0,0,0,0,0,0,0,0,0,0,0,0,0,0,0,0,0,0,0,0,0,0,0,0,0,0,0,0,0,0,0,0,0,0,0
0,0,0,0,0,0,0,0,0,0,0,0,0,0,0,0,0,0,0,0,0,0,0,0,0,0,0,0,0,0,0,0,0,0,0,0,0,0,0,0,0,0,0
0,0,0,0,0,0,0,0,0,0,0,0,0,0,0,0,0,0,0,0,0,0,0,0,0,0,0,0,0,0,0,0,0,0,0,0,0,0,0,0,0,0,0
0,0,0,0,0,0,0,0,0,0,0,0,0,0,0,0,0,0,0,0,0,0,0,0,0,0,0,0,0,0,0,0,0,0,0,0,0,0,0,0,0,0,0
0,0,0,0,0,0,0,0,0,0,0,0,0,0,0,0,0,0,0,0,0,0,0,0,0,0,0,0,0,0,0,0,0,0,0,0,0,0,0,0,0,0,0
0,0,0,0,0,0,0,0,0,0,0,0,0,0,0,0,0,0,0,0,0,0,0,0,0,0,0,0,0,0,0,0,0,0,0,0,0,0,0,0,0,0,0
0,0,691,0,0,547,1,487,605,404,0,0,0,0,382,0,0,0,424,0,0,0,0,0,0,458,0,0,0,0,417,0,0,0,522,0,0,0,0,0,0,0,0
0,0,691,0,0,547,1,487,605,404,0,0,0,0,382,0,0,0,424,0,0,0,0,0,0,458,0,0,0,0,417,0,0,0,522,0,0,0,0,0,0,0,0
0,0,526,0,0,606,0,574,664,501,0,0,0,0,458,0,0,0,558,0,0,0,0,0,0,554,0,0,0,0,485,0,0,0,653,0,0,0,0,0,0,0,0
0,0,0,0,0,0,0,0,0,0,0,0,0,0,0,0,0,0,0,0,0,0,0,0,0,0,0,0,0,0,0,0,0,0,0,0,0,0,0,0,0,0,0
0,0,0,0,0,0,0,0,0,0,0,0,0,0,0,0,0,0,0,0,0,0,0,0,0,0,0,0,0,0,0,0,0,0,0,0,0,0,0,0,0,0,0
0,0,710,0,0,737,0,668,805,516,0,0,0,0,532,0,0,0,581,0,0,0,0,0,0,675,0,0,0,0,620,0,0,0,745,0,0,0,0,0,0,0,0
0,0,0,0,0,0,0,0,0,0,0,0,0,0,0,0,0,0,0,0,0,0,0,0,0,0,0,0,0,0,0,0,0,0,0,0,0,0,0,0,0,0,0
0,0,0,0,0,0,0,0,0,0,0,0,0,0,0,0,0,0,0,0,0,0,0,0,0,0,0,0,0,0,0,0,0,0,0,0,0,0,0,0,0,0,0
0,0,0,0,0,0,0,0,0,0,0,0,0,0,0,0,0,0,0,0,0,0,0,0,0,0,0,0,0,0,0,0,0,0,0,0,0,0,0,0,0,0,0
0,0,775,0,0,1054,0,973,1060,909,0,0,0,0,877,0,0,0,923,0,0,0,0,0,0,1107,0,0,0,0,1010,0,0,0,1146,0,0,0,0,0,0,0,0
0,0,775,0,0,1054,0,973,1060,909,0,0,0,0,877,0,0,0,923,0,0,0,0,0,0,1107,0,0,0,0,1010,0,0,0,1146,0,0,0,0,0,0,0,0
0,0,773,0,0,1035,0,938,1072,908,0,0,0,0,855,0,0,0,926,0,0,0,0,0,0,1069,0,0,0,0,974,0,0,0,1108,0,0,0,0,0,0,0,0
0,0,809,0,0,1004,0,934,1044,926,0,0,0,0,872,0,0,0,917,0,0,0,0,0,0,1069,0,0,0,0,996,0,0,0,1085,0,0,0,0,0,0,0,0
0,0,793,0,0,1050,0,963,1066,913,1,0,0,0,847,0,0,0,921,0,0,0,0,0,0,1114,0,0,0,0,1007,0,0,0,1135,0,0,0,0,0,0,0,0
0,0,0,0,0,0,0,0,0,0,0,0,0,0,0,0,0,0,0,0,0,0,0,0,0,0,0,0,0,0,0,0,0,0,0,0,0,0,0,0,0,0,0
0,0,0,0,0,0,0,0,0,0,0,0,0,0,0,0,0,0,0,0,0,0,0,0,0,0,0,0,0,0,0,0,0,0,0,0,0,0,0,0,0,0,0
0,0,0,0,0,0,0,0,0,0,0,0,0,0,0,0,0,0,0,0,0,0,0,0,0,0,0,0,0,0,0,0,0,0,0,0,0,0,0,0,0,0,0
0,0,0,0,0,0,0,0,0,0,0,0,0,0,0,0,0,0,0,0,0,0,0,0,0,0,0,0,0,0,0,0,0,0,0,0,0,0,0,0,0,0,0
0,0,0,0,0,0,0,0,0,0,0,0,0,0,0,0,0,0,0,0,0,0,0,0,0,0,0,0,0,0,0,0,0,0,0,0,0,0,0,0,0,0,0
0,0,0,0,0,0,0,0,0,0,0,0,0,0,0,0,0,0,0,0,0,0,0,0,0,0,0,0,0,0,0,0,0,0,0,0,0,0,0,0,0,0,0
0,0,0,0,0,0,0,0,0,0,0,0,0,0,0,0,0,0,0,0,0,0,0,0,0,0,0,0,0,0,0,0,0,0,0,0,0,0,0,0,0,0,0
0,0,0,0,0,0,0,0,0,0,0,0,0,0,0,0,0,0,0,0,0,0,0,0,0,0,0,0,0,0,0,0,0,0,0,0,0,0,0,0,0,0,0
0,0,0,0,0,0,0,0,0,0,0,0,0,0,0,0,0,0,0,0,0,0,0,0,0,0,0,0,0,0,0,0,0,0,0,0,0,0,0,0,0,0,0
0,0,0,0,0,0,0,0,0,0,0,0,0,0,0,0,0,0,0,0,0,0,0,0,0,0,0,0,0,0,0,0,0,0,0,0,0,0,0,0,0,0,0
0,0,0,0,0,0,0,0,0,0,0,0,0,0,0,0,0,0,0,0,0,0,0,0,0,0,0,0,0,0,0,0,0,0,0,0,0,0,0,0,0,0,0
0,0,679,0,0,891,0,768,958,694,0,0,0,0,644,0,0,0,724,0,0,0,0,0,0,889,0,0,0,0,766,0,0,0,976,0,0,0,0,0,0,0,0
0,0,708,0,0,788,0,704,869,706,0,0,0,0,659,0,0,0,749,0,0,0,0,0,0,826,0,0,0,0,766,0,0,0,914,0,0,0,0,0,0,0,0
0,0,0,0,0,0,0,0,0,0,0,0,0,0,0,0,0,0,0,0,0,0,0,0,0,0,0,0,0,0,0,0,0,0,0,0,0,0,0,0,0,0,0
0,0,701,0,0,790,0,731,870,734,0,0,0,0,690,0,0,0,753,0,0,0,0,0,0,838,0,0,0,0,775,0,0,0,913,0,0,0,0,0,0,0,0
0,0,695,0,0,787,0,706,863,668,0,0,0,0,648,0,0,0,685,0,0,0,0,0,0,795,0,0,0,0,727,0,0,0,874,0,0,0,0,0,0,0,0
0,0,750,0,0,863,0,789,919,732,0,0,0,0,694,0,0,0,731,0,0,0,0,0,0,895,0,0,0,0,809,0,0,0,961,0,0,0,0,0,0,0,0
0,0,740,0,0,839,0,749,910,725,0,0,0,0,711,0,0,0,773,0,0,0,0,0,0,870,0,0,0,0,767,0,0,0,923,0,0,0,0,0,0,0,0
0,0,751,0,0,868,0,785,909,743,0,0,0,0,704,0,0,0,747,0,0,0,0,0,0,905,0,0,0,0,803,0,0,0,975,0,0,0,0,0,0,0,0
0,0,785,0,0,865,1,804,919,760,0,0,0,0,707,0,0,0,763,0,0,0,0,0,0,913,0,0,0,0,838,0,0,0,963,0,0,0,0,0,0,0,0
0,0,0,0,0,0,0,0,0,0,0,0,0,0,0,0,0,0,0,0,0,0,0,0,0,0,0,0,0,0,0,0,0,0,0,0,0,0,0,0,0,0,0
0,0,0,0,0,0,0,0,0,0,0,0,0,0,0,0,0,0,0,0,0,0,0,0,0,0,0,0,0,0,0,0,0,0,0,0,0,0,0,0,0,0,0
0,0,0,0,0,0,0,0,0,0,0,0,0,0,0,0,0,0,0,0,0,0,0,0,0,0,0,0,0,0,0,0,0,0,0,0,0,0,0,0,0,0,0
0,0,0,0,0,0,0,0,0,0,0,0,0,0,0,0,0,0,0,0,0,0,0,0,0,0,0,0,0,0,0,0,0,0,0,0,0,0,0,0,0,0,0
0,0,0,0,0,0,0,0,0,0,0,0,0,0,0,0,0,0,0,0,0,0,0,0,0,0,0,0,0,0,0,0,0,0,0,0,0,0,0,0,0,0,0
0,0,0,0,0,0,0,0,0,0,0,0,0,0,0,0,0,0,0,0,0,0,0,0,0,0,0,0,0,0,0,0,0,0,0,0,0,0,0,0,0,0,0
0,0,0,0,0,0,0,0,0,0,0,0,0,0,0,0,0,0,0,0,0,0,0,0,0,0,0,0,0,0,0,0,0,0,0,0,0,0,0,0,0,0,0
0,0,0,0,0,0,0,0,0,0,0,0,0,0,0,0,0,0,0,0,0,0,0,0,0,0,0,0,0,0,0,0,0,0,0,0,0,0,0,0,0,0,0
0,0,0,0,0,0,0,0,0,0,0,0,0,0,0,0,0,0,0,0,0,0,0,0,0,0,0,0,0,0,0,0,0,0,0,0,0,0,0,0,0,0,0
1234,1234,1262,0,0,996,0,954,1006,0,0,0,0,0,0,0,0,0,0,0,0,0,0,0,0,828,0,0,0,0,0,0,0,0,0,0,0,0,0,0,0,0,0
1234,1234,1262,0,0,996,0,954,1006,0,0,0,0,0,0,0,0,0,0,0,0,0,0,0,0,828,0,0,0,0,0,0,0,0,0,0,0,0,0,0,0,0,0
1364,1364,1085,0,0,997,0,1025,1057,0,0,0,0,0,0,0,0,0,0,0,0,0,0,0,0,830,0,0,0,0,0,0,0,0,0,0,0,0,0,0,0,0,0
0,0,0,0,0,0,0,0,0,0,0,0,0,0,0,0,0,0,0,0,0,0,0,0,0,0,0,0,0,0,0,0,0,0,0,0,0,0,0,0,0,0,0
0,0,0,0,0,0,0,0,0,0,0,0,0,0,0,0,0,0,0,0,0,0,0,0,0,0,0,0,0,0,0,0,0,0,0,0,0,0,0,0,0,0,0
948,948,1304,0,0,1018,0,1028,1060,0,0,0,0,0,0,0,0,0,0,0,0,0,0,0,0,913,0,0,0,0,0,0,0,0,0,0,0,0,0,0,0,0,0
0,0,0,0,0,0,0,0,0,0,0,0,0,0,0,0,0,0,0,0,0,0,0,0,0,0,0,0,0,0,0,0,0,0,0,0,0,0,0,0,0,0,0
0,0,0,0,0,0,0,0,0,0,0,0,0,0,0,0,0,0,0,0,0,0,0,0,0,0,0,0,0,0,0,0,0,0,0,0,0,0,0,0,0,0,0
0,0,0,0,0,0,0,0,0,0,0,0,0,0,0,0,0,0,0,0,0,0,0,0,0,0,0,0,0,0,0,0,0,0,0,0,0,0,0,0,0,0,0
1072,1072,1230,0,0,1278,0,1193,1284,0,0,0,0,0,0,0,0,0,0,0,0,0,0,0,0,1111,0,0,0,0,0,0,0,0,0,0,0,0,0,0,0,0,0
1072,1072,1230,0,0,1278,0,1193,1284,0,0,0,0,0,0,0,0,0,0,0,0,0,0,0,0,1111,0,0,0,0,0,0,0,0,0,0,0,0,0,0,0,0,0
1115,1115,1230,0,0,1242,0,1202,1250,0,0,0,0,0,0,0,0,0,0,0,0,0,0,0,0,1088,0,0,0,0,0,0,0,0,0,0,0,0,0,0,0,0,0
1138,1138,1239,0,0,1248,0,1195,1282,0,0,0,0,0,0,0,0,0,0,0,0,0,0,0,0,1067,0,0,0,0,0,0,0,0,0,0,0,0,0,0,0,0,0
1153,1153,1292,0,0,1252,0,1198,1265,0,0,0,0,0,0,0,0,0,0,0,0,0,0,0,0,1125,0,0,0,0,0,0,0,0,0,0,0,0,0,0,0,0,0
0,0,0,0,0,0,0,0,0,0,0,0,0,0,0,0,0,0,0,0,0,0,0,0,0,0,0,0,0,0,0,0,0,0,0,0,0,0,0,0,0,0,0
0,0,0,0,0,0,0,0,0,0,0,0,0,0,0,0,0,0,0,0,0,0,0,0,0,0,0,0,0,0,0,0,0,0,0,0,0,0,0,0,0,0,0
0,0,0,0,0,0,0,0,0,0,0,0,0,0,0,0,0,0,0,0,0,0,0,0,0,0,0,0,0,0,0,0,0,0,0,0,0,0,0,0,0,0,0
0,0,0,0,0,0,0,0,0,0,0,0,0,0,0,0,0,0,0,0,0,0,0,0,0,0,0,0,0,0,0,0,0,0,0,0,0,0,0,0,0,0,0
0,0,0,0,0,0,0,0,0,0,0,0,0,0,0,0,0,0,0,0,0,0,0,0,0,0,0,0,0,0,0,0,0,0,0,0,0,0,0,0,0,0,0
0,0,0,0,0,0,0,0,0,0,0,0,0,0,0,0,0,0,0,0,0,0,0,0,0,0,0,0,0,0,0,0,0,0,0,0,0,0,0,0,0,0,0
0,0,0,0,0,0,0,0,0,0,0,0,0,0,0,0,0,0,0,0,0,0,0,0,0,0,0,0,0,0,0,0,0,0,0,0,0,0,0,0,0,0,0
0,0,0,0,0,0,0,0,0,0,0,0,0,0,0,0,0,0,0,0,0,0,0,0,0,0,0,0,0,0,0,0,0,0,0,0,0,0,0,0,0,0,0
0,0,0,0,0,0,0,0,0,0,0,0,0,0,0,0,0,0,0,0,0,0,0,0,0,0,0,0,0,0,0,0,0,0,0,0,0,0,0,0,0,0,0
0,0,0,0,0,0,0,0,0,0,0,0,0,0,0,0,0,0,0,0,0,0,0,0,0,0,0,0,0,0,0,0,0,0,0,0,0,0,0,0,0,0,0
0,0,0,0,0,0,0,0,0,0,0,0,0,0,0,0,0,0,0,0,0,0,0,0,0,0,0,0,0,0,0,0,0,0,0,0,0,0,0,0,0,0,0
1033,1033,1106,0,0,1139,0,1063,1129,0,0,0,0,0,0,0,0,0,0,0,0,0,0,0,0,935,0,0,0,0,0,0,0,0,0,0,0,0,0,0,0,0,0
1007,1007,1158,0,0,1081,0,1019,1086,0,0,0,0,0,0,0,0,0,0,0,0,0,0,0,0,927,0,0,0,0,0,0,0,0,0,0,0,0,0,0,0,0,0
0,0,0,0,0,0,0,0,0,0,0,0,0,0,0,0,0,0,0,0,0,0,0,0,0,0,0,0,0,0,0,0,0,0,0,0,0,0,0,0,0,0,0
1043,1043,1131,0,0,1043,0,1042,1091,0,0,0,0,0,0,0,0,0,0,0,0,0,0,0,0,936,0,0,0,0,0,0,0,0,0,0,0,0,0,0,0,0,0
1003,1003,1155,0,0,1062,0,1022,1086,0,0,0,0,0,0,0,0,0,0,0,0,0,0,0,0,912,0,0,0,0,0,0,0,0,0,0,0,0,0,0,0,0,0
1099,1099,1187,0,0,1120,0,1101,1105,0,0,0,0,0,0,0,0,0,0,0,0,0,0,0,0,935,0,0,0,0,0,0,0,0,0,0,0,0,0,0,0,0,0
1201,1201,1255,0,0,1142,0,1111,1153,0,0,0,0,0,0,0,0,0,0,0,0,0,0,0,0,965,0,0,0,0,0,0,0,0,0,0,0,0,0,0,0,0,0
1151,1151,1210,0,0,1127,0,1103,1133,0,0,0,0,0,0,0,0,0,0,0,0,0,0,0,0,972,0,0,0,0,0,0,0,0,0,0,0,0,0,0,0,0,0
1106,1106,1230,0,0,1107,0,1123,1111,0,0,0,0,0,0,0,0,0,0,0,0,0,0,0,0,963,0,0,0,0,0,0,0,0,0,0,0,0,0,0,0,0,0
0,0,0,0,0,0,0,0,0,0,0,0,0,0,0,0,0,0,0,0,0,0,0,0,0,0,0,0,0,0,0,0,0,0,0,0,0,0,0,0,0,0,0
0,0,0,0,0,0,0,0,0,0,0,0,0,0,0,0,0,0,0,0,0,0,0,0,0,0,0,0,0,0,0,0,0,0,0,0,0,0,0,0,0,0,0
0,0,0,0,0,0,0,0,0,0,0,0,0,0,0,0,0,0,0,0,0,0,0,0,0,0,0,0,0,0,0,0,0,0,0,0,0,0,0,0,0,0,0
0,0,0,0,0,0,0,0,0,0,0,0,0,0,0,0,0,0,0,0,0,0,0,0,0,0,0,0,0,0,0,0,0,0,0,0,0,0,0,0,0,0,0
0,0,0,0,0,0,0,0,0,0,0,0,0,0,0,0,0,0,0,0,0,0,0,0,0,0,0,0,0,0,0,0,0,0,0,0,0,0,0,0,0,0,0
0,0,0,0,0,0,0,0,0,0,0,0,0,0,0,0,0,0,0,0,0,0,0,0,0,0,0,0,0,0,0,0,0,0,0,0,0,0,0,0,0,0,0
0,0,0,0,0,0,0,0,0,0,0,0,0,0,0,0,0,0,0,0,0,0,0,0,0,0,0,0,0,0,0,0,0,0,0,0,0,0,0,0,0,0,0
0,0,0,0,0,0,0,0,0,0,0,0,0,0,0,0,0,0,0,0,0,0,0,0,0,0,0,0,0,0,0,0,0,0,0,0,0,0,0,0,0,0,0
0,0,0,0,0,0,0,0,0,0,0,0,0,0,0,0,0,0,0,0,0,0,0,0,0,0,0,0,0,0,0,0,0,0,0,0,0,0,0,0,0,0,0
1590,1590,1826,0,0,1110,0,0,0,0,0,0,0,0,0,0,0,0,0,0,0,0,0,0,0,1224,934,0,0,0,1352,1369,1301,1321,0,0,0,0,0,0,0,0,0
1590,1590,1826,0,0,1110,0,0,0,0,0,0,0,0,0,0,0,0,0,0,0,0,0,0,0,1224,934,0,0,0,1352,1369,1301,1321,0,0,0,0,0,0,0,0,0
1463,1463,1282,0,0,1201,0,0,0,0,0,0,0,0,0,0,0,0,0,0,0,0,0,0,0,1005,942,0,0,0,1196,1261,1228,1268,0,0,0,0,0,0,0,0,0
0,0,0,0,0,0,0,0,0,0,0,0,0,0,0,0,0,0,0,0,0,0,0,0,0,0,0,0,0,0,0,0,0,0,0,0,0,0,0,0,0,0,0
0,0,0,0,0,0,0,0,0,0,0,0,0,0,0,0,0,0,0,0,0,0,0,0,0,0,0,0,0,0,0,0,0,0,0,0,0,0,0,0,0,0,0
999,999,1501,0,0,1088,0,0,0,0,0,0,0,0,0,0,0,0,0,0,0,0,0,0,0,1066,917,0,0,0,1285,1283,1332,1317,0,0,0,0,0,0,0,0,0
0,0,0,0,0,0,0,0,0,0,0,0,0,0,0,0,0,0,0,0,0,0,0,0,0,0,0,0,0,0,0,0,0,0,0,0,0,0,0,0,0,0,0
0,0,0,0,0,0,0,0,0,0,0,0,0,0,0,0,0,0,0,0,0,0,0,0,0,0,0,0,0,0,0,0,0,0,0,0,0,0,0,0,0,0,0
0,0,0,0,0,0,0,0,0,0,0,0,0,0,0,0,0,0,0,0,0,0,0,0,0,0,0,0,0,0,0,0,0,0,0,0,0,0,0,0,0,0,0
1075,1075,1351,0,0,1362,0,0,0,0,0,0,0,0,0,0,0,0,0,0,0,0,0,0,0,1608,1105,0,0,0,1721,1668,1672,1693,0,0,0,0,0,0,0,0,0
1075,1075,1351,0,0,1362,0,0,0,0,0,0,0,0,0,0,0,0,0,0,0,0,0,0,0,1608,1105,0,0,0,1721,1668,1672,1693,0,0,0,0,0,0,0,0,0
1124,1124,1417,0,0,1364,0,0,0,0,0,0,0,0,0,0,0,0,0,0,0,0,0,0,0,1590,1114,0,0,0,1697,1663,1660,1672,0,0,0,0,0,0,0,0,0
1096,1096,1373,0,0,1380,0,0,0,0,0,0,0,0,0,0,0,0,0,0,0,0,0,0,0,1555,1144,0,0,0,1652,1647,1643,1678,0,0,0,0,0,0,0,0,0
1120,1120,1417,0,0,1416,0,0,0,0,0,0,0,0,0,0,0,0,0,0,0,0,0,0,0,1562,1161,0,0,0,1673,1640,1665,1667,0,0,0,0,0,0,0,0,0
0,0,0,0,0,0,0,0,0,0,0,0,0,0,0,0,0,0,0,0,0,0,0,0,0,0,0,0,0,0,0,0,0,0,0,0,0,0,0,0,0,0,0
0,0,0,0,0,0,0,0,0,0,0,0,0,0,0,0,0,0,0,0,0,0,0,0,0,0,0,0,0,0,0,0,0,0,0,0,0,0,0,0,0,0,0
0,0,0,0,0,0,0,0,0,0,0,0,0,0,0,0,0,0,0,0,0,0,0,0,0,0,0,0,0,0,0,0,0,0,0,0,0,0,0,0,0,0,0
0,0,0,0,0,0,0,0,0,0,0,0,0,0,0,0,0,0,0,0,0,0,0,0,0,0,0,0,0,0,0,0,0,0,0,0,0,0,0,0,0,0,0
0,0,0,0,0,0,0,0,0,0,0,0,0,0,0,0,0,0,0,0,0,0,0,0,0,0,0,0,0,0,0,0,0,0,0,0,0,0,0,0,0,0,0
0,0,0,0,0,0,0,0,0,0,0,0,0,0,0,0,0,0,0,0,0,0,0,0,0,0,0,0,0,0,0,0,0,0,0,0,0,0,0,0,0,0,0
0,0,0,0,0,0,0,0,0,0,0,0,0,0,0,0,0,0,0,0,0,0,0,0,0,0,0,0,0,0,0,0,0,0,0,0,0,0,0,0,0,0,0
0,0,0,0,0,0,0,0,0,0,0,0,0,0,0,0,0,0,0,0,0,0,0,0,0,0,0,0,0,0,0,0,0,0,0,0,0,0,0,0,0,0,0
0,0,0,0,0,0,0,0,0,0,0,0,0,0,0,0,0,0,0,0,0,0,0,0,0,0,0,0,0,0,0,0,0,0,0,0,0,0,0,0,0,0,0
0,0,0,0,0,0,0,0,0,0,0,0,0,0,0,0,0,0,0,0,0,0,0,0,0,0,0,0,0,0,0,0,0,0,0,0,0,0,0,0,0,0,0
0,0,0,0,0,0,0,0,0,0,0,0,0,0,0,0,0,0,0,0,0,0,0,0,0,0,0,0,0,0,0,0,0,0,0,0,0,0,0,0,0,0,0
1034,1034,1161,0,0,1110,0,0,0,0,0,0,0,0,0,0,0,0,0,0,0,0,0,0,0,1439,981,0,0,0,1535,1473,1488,1506,0,0,0,0,0,0,0,0,0
1095,1095,1418,0,0,1205,0,0,0,0,0,0,0,0,0,0,0,0,0,0,0,0,0,0,0,1341,1022,0,0,0,1464,1448,1438,1454,0,0,0,0,0,0,0,0,0
0,0,0,0,0,0,0,0,0,0,0,0,0,0,0,0,0,0,0,0,0,0,0,0,0,0,0,0,0,0,0,0,0,0,0,0,0,0,0,0,0,0,0
1159,1159,1392,0,0,1208,0,0,0,0,0,0,0,0,0,0,0,0,0,0,0,0,0,0,0,1317,1038,0,0,0,1459,1458,1458,1450,0,0,0,0,0,0,0,0,0
1108,1108,1425,0,0,1181,0,0,0,0,0,0,0,0,0,0,0,0,0,0,0,0,0,0,0,1272,995,0,0,0,1399,1387,1414,1415,0,0,0,0,0,0,0,0,0
1154,1154,1277,0,0,1215,0,0,0,0,0,0,0,0,0,0,0,0,0,0,0,0,0,0,0,1321,1042,0,0,0,1372,1375,1375,1382,0,0,0,0,0,0,0,0,0
1195,1195,1375,0,0,1235,0,0,0,0,0,0,0,0,0,0,0,0,0,0,0,0,0,0,0,1307,1047,0,0,0,1393,1369,1408,1388,0,0,0,0,0,0,0,0,0
1225,1225,1391,0,0,1229,0,0,0,0,0,0,0,0,0,0,0,0,0,0,0,0,0,0,0,1342,1088,0,0,0,1382,1404,1415,1402,0,0,0,0,0,0,0,0,0
1179,1179,1312,0,0,1224,0,0,0,0,0,0,0,0,0,0,0,0,0,0,0,0,0,0,0,1297,1059,0,0,0,1370,1372,1378,1383,0,0,0,0,0,0,0,0,0
0,0,0,0,0,0,0,0,0,0,0,0,0,0,0,0,0,0,0,0,0,0,0,0,0,0,0,0,0,0,0,0,0,0,0,0,0,0,0,0,0,0,0
0,0,0,0,0,0,0,0,0,0,0,0,0,0,0,0,0,0,0,0,0,0,0,0,0,0,0,0,0,0,0,0,0,0,0,0,0,0,0,0,0,0,0
0,0,0,0,0,0,0,0,0,0,0,0,0,0,0,0,0,0,0,0,0,0,0,0,0,0,0,0,0,0,0,0,0,0,0,0,0,0,0,0,0,0,0
0,0,0,0,0,0,0,0,0,0,0,0,0,0,0,0,0,0,0,0,0,0,0,0,0,0,0,0,0,0,0,0,0,0,0,0,0,0,0,0,0,0,0
0,0,0,0,0,0,0,0,0,0,0,0,0,0,0,0,0,0,0,0,0,0,0,0,0,0,0,0,0,0,0,0,0,0,0,0,0,0,0,0,0,0,0
0,0,0,0,0,0,0,0,0,0,0,0,0,0,0,0,0,0,0,0,0,0,0,0,0,0,0,0,0,0,0,0,0,0,0,0,0,0,0,0,0,0,0
0,0,0,0,0,0,0,0,0,0,0,0,0,0,0,0,0,0,0,0,0,0,0,0,0,0,0,0,0,0,0,0,0,0,0,0,0,0,0,0,0,0,0
0,0,0,0,0,0,0,0,0,0,0,0,0,0,0,0,0,0,0,0,0,0,0,0,0,0,0,0,0,0,0,0,0,0,0,0,0,0,0,0,0,0,0
0,0,0,0,0,0,0,0,0,0,0,0,0,0,0,0,0,0,0,0,0,0,0,0,0,0,0,0,0,0,0,0,0,0,0,0,0,0,0,0,0,0,0
352,352,403,0,0,323,1,320,343,274,274,0,0,0,0,0,0,0,0,174,268,0,317,0,0,0,0,0,0,0,0,0,0,0,0,0,0,369,0,0,255,265,406
352,352,403,0,0,323,1,320,343,274,274,0,0,0,0,0,0,0,0,174,268,0,317,0,0,0,0,0,0,0,0,0,0,0,0,0,0,369,0,0,255,265,406
325,325,255,0,0,297,0,298,300,283,283,0,0,0,0,0,0,0,0,233,312,0,371,0,0,0,0,0,0,0,0,0,0,0,0,0,0,458,0,0,356,330,501
0,0,0,0,0,0,0,0,0,0,0,0,0,0,0,0,0,0,0,0,0,0,0,0,0,0,0,0,0,0,0,0,0,0,0,0,0,0,0,0,0,0,0
0,0,0,0,0,0,0,0,0,0,0,0,0,0,0,0,0,0,0,0,0,0,0,0,0,0,0,0,0,0,0,0,0,0,0,0,0,0,0,0,0,0,0
273,273,322,0,0,390,1,402,382,386,386,0,0,0,0,0,0,0,0,385,401,0,454,0,0,0,0,0,0,0,0,0,0,0,0,0,0,593,0,0,492,484,630
0,0,0,0,0,0,0,0,0,0,0,0,0,0,0,0,0,0,0,0,0,0,0,0,0,0,0,0,0,0,0,0,0,0,0,0,0,0,0,0,0,0,0
0,0,0,0,0,0,0,0,0,0,0,0,0,0,0,0,0,0,0,0,0,0,0,0,0,0,0,0,0,0,0,0,0,0,0,0,0,0,0,0,0,0,0
0,0,0,0,0,0,0,0,0,0,0,0,0,0,0,0,0,0,0,0,0,0,0,0,0,0,0,0,0,0,0,0,0,0,0,0,0,0,0,0,0,0,0
276,276,346,0,0,572,1,549,568,461,461,0,0,0,0,0,0,0,0,651,511,0,709,0,0,0,0,0,0,0,0,0,0,0,0,0,0,844,0,0,861,690,902
276,276,346,0,0,572,1,549,568,461,461,0,0,0,0,0,0,0,0,651,511,0,709,0,0,0,0,0,0,0,0,0,0,0,0,0,0,844,0,0,861,690,902
299,299,377,0,0,567,1,561,553,478,478,0,0,0,0,0,0,0,0,642,503,0,700,0,0,0,0,0,0,0,0,0,0,0,0,0,0,824,0,0,840,653,868
292,292,345,0,0,564,1,539,550,465,465,0,0,0,0,0,0,0,0,658,511,0,705,0,0,0,0,0,0,0,0,0,0,0,0,0,0,831,0,0,827,695,861
322,322,360,0,0,585,1,548,568,470,470,0,0,0,0,0,0,0,0,625,502,0,697,0,0,0,0,0,0,0,0,0,0,0,0,0,0,817,0,0,847,673,868
0,0,0,0,0,0,0,0,0,0,0,0,0,0,0,0,0,0,0,0,0,0,0,0,0,0,0,0,0,0,0,0,0,0,0,0,0,0,0,0,0,0,0
0,0,0,0,0,0,0,0,0,0,0,0,0,0,0,0,0,0,0,0,0,0,0,0,0,0,0,0,0,0,0,0,0,0,0,0,0,0,0,0,0,0,0
0,0,0,0,0,0,0,0,0,0,0,0,0,0,0,0,0,0,0,0,0,0,0,0,0,0,0,0,0,0,0,0,0,0,0,0,0,0,0,0,0,0,0
0,0,0,0,0,0,0,0,0,0,0,0,0,0,0,0,0,0,0,0,0,0,0,0,0,0,0,0,0,0,0,0,0,0,0,0,0,0,0,0,0,0,0
0,0,0,0,0,0,0,0,0,0,0,0,0,0,0,0,0,0,0,0,0,0,0,0,0,0,0,0,0,0,0,0,0,0,0,0,0,0,0,0,0,0,0
0,0,0,0,0,0,0,0,0,0,0,0,0,0,0,0,0,0,0,0,0,0,0,0,0,0,0,0,0,0,0,0,0,0,0,0,0,0,0,0,0,0,0
0,0,0,0,0,0,0,0,0,0,0,0,0,0,0,0,0,0,0,0,0,0,0,0,0,0,0,0,0,0,0,0,0,0,0,0,0,0,0,0,0,0,0
0,0,0,0,0,0,0,0,0,0,0,0,0,0,0,0,0,0,0,0,0,0,0,0,0,0,0,0,0,0,0,0,0,0,0,0,0,0,0,0,0,0,0
0,0,0,0,0,0,0,0,0,0,0,0,0,0,0,0,0,0,0,0,0,0,0,0,0,0,0,0,0,0,0,0,0,0,0,0,0,0,0,0,0,0,0
0,0,0,0,0,0,0,0,0,0,0,0,0,0,0,0,0,0,0,0,0,0,0,0,0,0,0,0,0,0,0,0,0,0,0,0,0,0,0,0,0,0,0
0,0,0,0,0,0,0,0,0,0,0,0,0,0,0,0,0,0,0,0,0,0,0,0,0,0,0,0,0,0,0,0,0,0,0,0,0,0,0,0,0,0,0
257,257,280,0,0,488,1,471,461,396,396,0,0,0,0,0,0,0,0,463,475,0,557,0,0,0,0,0,0,0,0,0,0,0,0,0,0,718,0,0,714,591,742
265,265,326,0,0,446,1,443,447,385,385,0,0,0,0,0,0,0,0,466,431,0,557,0,0,0,0,0,0,0,0,0,0,0,0,0,0,697,0,0,644,579,731
0,0,0,0,0,0,0,0,0,0,0,0,0,0,0,0,0,0,0,0,0,0,0,0,0,0,0,0,0,0,0,0,0,0,0,0,0,0,0,0,0,0,0
273,273,321,0,0,454,1,448,434,376,376,0,0,0,0,0,0,0,0,464,414,0,539,0,0,0,0,0,0,0,0,0,0,0,0,0,0,702,0,0,637,555,725
277,277,340,0,0,436,1,416,445,383,383,0,0,0,0,0,0,0,0,441,417,0,549,0,0,0,0,0,0,0,0,0,0,0,0,0,0,670,0,0,608,544,680
284,284,307,0,0,458,1,468,424,408,408,0,0,0,0,0,0,0,0,522,476,0,539,0,0,0,0,0,0,0,0,0,0,0,0,0,0,674,0,0,671,584,676
268,268,326,0,0,455,1,457,430,393,393,0,0,0,0,0,0,0,0,496,480,0,546,0,0,0,0,0,0,0,0,0,0,0,0,0,0,659,0,0,640,579,648
276,276,337,0,0,464,1,457,461,392,392,0,0,0,0,0,0,0,0,529,473,0,558,0,0,0,0,0,0,0,0,0,0,0,0,0,0,690,0,0,667,574,688
286,286,326,0,0,451,1,463,427,384,384,0,0,0,0,0,0,0,0,522,480,0,550,0,0,0,0,0,0,0,0,0,0,0,0,0,0,669,0,0,650,578,644
0,0,0,0,0,0,0,0,0,0,0,0,0,0,0,0,0,0,0,0,0,0,0,0,0,0,0,0,0,0,0,0,0,0,0,0,0,0,0,0,0,0,0
0,0,0,0,0,0,0,0,0,0,0,0,0,0,0,0,0,0,0,0,0,0,0,0,0,0,0,0,0,0,0,0,0,0,0,0,0,0,0,0,0,0,0
0,0,0,0,0,0,0,0,0,0,0,0,0,0,0,0,0,0,0,0,0,0,0,0,0,0,0,0,0,0,0,0,0,0,0,0,0,0,0,0,0,0,0
0,0,0,0,0,0,0,0,0,0,0,0,0,0,0,0,0,0,0,0,0,0,0,0,0,0,0,0,0,0,0,0,0,0,0,0,0,0,0,0,0,0,0
0,0,0,0,0,0,0,0,0,0,0,0,0,0,0,0,0,0,0,0,0,0,0,0,0,0,0,0,0,0,0,0,0,0,0,0,0,0,0,0,0,0,0
0,0,0,0,0,0,0,0,0,0,0,0,0,0,0,0,0,0,0,0,0,0,0,0,0,0,0,0,0,0,0,0,0,0,0,0,0,0,0,0,0,0,0
0,0,0,0,0,0,0,0,0,0,0,0,0,0,0,0,0,0,0,0,0,0,0,0,0,0,0,0,0,0,0,0,0,0,0,0,0,0,0,0,0,0,0
0,0,0,0,0,0,0,0,0,0,0,0,0,0,0,0,0,0,0,0,0,0,0,0,0,0,0,0,0,0,0,0,0,0,0,0,0,0,0,0,0,0,0
0,0,0,0,0,0,0,0,0,0,0,0,0,0,0,0,0,0,0,0,0,0,0,0,0,0,0,0,0,0,0,0,0,0,0,0,0,0,0,0,0,0,0
1252,1252,1267,0,0,1047,0,1071,1062,751,948,0,0,0,895,0,0,0,0,521,751,777,0,0,0,0,0,0,0,0,0,0,0,0,0,0,0,0,0,0,0,0,0
1252,1252,1267,0,0,1047,0,1071,1062,751,948,0,0,0,895,0,0,0,0,521,751,777,0,0,0,0,0,0,0,0,0,0,0,0,0,0,0,0,0,0,0,0,0
1252,1252,922,0,0,1073,0,1169,1059,793,919,0,0,0,1031,0,0,0,0,728,903,956,0,0,0,0,0,0,0,0,0,0,0,0,0,0,0,0,0,0,0,0,0
0,0,0,0,0,0,0,0,0,0,0,0,0,0,0,0,0,0,0,0,0,0,0,0,0,0,0,0,0,0,0,0,0,0,0,0,0,0,0,0,0,0,0
0,0,0,0,0,0,0,0,0,0,0,0,0,0,0,0,0,0,0,0,0,0,0,0,0,0,0,0,0,0,0,0,0,0,0,0,0,0,0,0,0,0,0
954,954,1132,0,0,1335,0,1333,1384,1096,1178,0,0,0,1422,0,0,0,0,1072,1125,1317,0,0,0,0,0,0,0,0,0,0,0,0,0,0,0,0,0,0,0,0,0
0,0,0,0,0,0,0,0,0,0,0,0,0,0,0,0,0,0,0,0,0,0,0,0,0,0,0,0,0,0,0,0,0,0,0,0,0,0,0,0,0,0,0
0,0,0,0,0,0,0,0,0,0,0,0,0,0,0,0,0,0,0,0,0,0,0,0,0,0,0,0,0,0,0,0,0,0,0,0,0,0,0,0,0,0,0
0,0,0,0,0,0,0,0,0,0,0,0,0,0,0,0,0,0,0,0,0,0,0,0,0,0,0,0,0,0,0,0,0,0,0,0,0,0,0,0,0,0,0
954,954,1084,0,0,1789,0,1749,1756,1799,1439,0,0,0,1868,0,0,0,0,1743,1452,1738,0,0,0,0,0,0,0,0,0,0,0,0,0,0,0,0,0,0,0,0,0
954,954,1084,0,0,1789,0,1749,1756,1799,1439,0,0,0,1868,0,0,0,0,1743,1452,1738,0,0,0,0,0,0,0,0,0,0,0,0,0,0,0,0,0,0,0,0,0
1038,1038,1100,0,0,1813,0,1776,1762,1761,1488,0,0,0,1844,0,0,0,0,1697,1476,1717,0,0,0,0,0,0,0,0,0,0,0,0,0,0,0,0,0,0,0,0,0
1026,1026,1121,0,0,1732,0,1724,1719,1761,1471,0,0,0,1873,0,0,0,0,1675,1483,1715,0,0,0,0,0,0,0,0,0,0,0,0,0,0,0,0,0,0,0,0,0
963,963,1110,0,0,1726,0,1711,1708,1756,1432,0,0,0,1827,0,0,0,0,1658,1424,1680,0,0,0,0,0,0,0,0,0,0,0,0,0,0,0,0,0,0,0,0,0
0,0,0,0,0,0,0,0,0,0,0,0,0,0,0,0,0,0,0,0,0,0,0,0,0,0,0,0,0,0,0,0,0,0,0,0,0,0,0,0,0,0,0
0,0,0,0,0,0,0,0,0,0,0,0,0,0,0,0,0,0,0,0,0,0,0,0,0,0,0,0,0,0,0,0,0,0,0,0,0,0,0,0,0,0,0
0,0,0,0,0,0,0,0,0,0,0,0,0,0,0,0,0,0,0,0,0,0,0,0,0,0,0,0,0,0,0,0,0,0,0,0,0,0,0,0,0,0,0
0,0,0,0,0,0,0,0,0,0,0,0,0,0,0,0,0,0,0,0,0,0,0,0,0,0,0,0,0,0,0,0,0,0,0,0,0,0,0,0,0,0,0
0,0,0,0,0,0,0,0,0,0,0,0,0,0,0,0,0,0,0,0,0,0,0,0,0,0,0,0,0,0,0,0,0,0,0,0,0,0,0,0,0,0,0
0,0,0,0,0,0,0,0,0,0,0,0,0,0,0,0,0,0,0,0,0,0,0,0,0,0,0,0,0,0,0,0,0,0,0,0,0,0,0,0,0,0,0
0,0,0,0,0,0,0,0,0,0,0,0,0,0,0,0,0,0,0,0,0,0,0,0,0,0,0,0,0,0,0,0,0,0,0,0,0,0,0,0,0,0,0
0,0,0,0,0,0,0,0,0,0,0,0,0,0,0,0,0,0,0,0,0,0,0,0,0,0,0,0,0,0,0,0,0,0,0,0,0,0,0,0,0,0,0
0,0,0,0,0,0,0,0,0,0,0,0,0,0,0,0,0,0,0,0,0,0,0,0,0,0,0,0,0,0,0,0,0,0,0,0,0,0,0,0,0,0,0
0,0,0,0,0,0,0,0,0,0,0,0,0,0,0,0,0,0,0,0,0,0,0,0,0,0,0,0,0,0,0,0,0,0,0,0,0,0,0,0,0,0,0
0,0,0,0,0,0,0,0,0,0,0,0,0,0,0,0,0,0,0,0,0,0,0,0,0,0,0,0,0,0,0,0,0,0,0,0,0,0,0,0,0,0,0
945,945,952,0,0,1576,0,1543,1531,1406,1281,0,0,0,1598,0,0,0,0,1307,1241,1558,0,0,0,0,0,0,0,0,0,0,0,0,0,0,0,0,0,0,0,0,0
929,929,1047,0,0,1412,0,1468,1419,1343,1237,0,0,0,1576,0,0,0,0,1336,1186,1496,0,0,0,0,0,0,0,0,0,0,0,0,0,0,0,0,0,0,0,0,0
0,0,0,0,0,0,0,0,0,0,0,0,0,0,0,0,0,0,0,0,0,0,0,0,0,0,0,0,0,0,0,0,0,0,0,0,0,0,0,0,0,0,0
947,947,1072,0,0,1459,0,1467,1433,1315,1242,0,0,0,1588,0,0,0,0,1300,1182,1522,0,0,0,0,0,0,0,0,0,0,0,0,0,0,0,0,0,0,0,0,0
959,959,1040,0,0,1408,0,1394,1378,1290,1195,0,0,0,1544,0,0,0,0,1224,1150,1417,0,0,0,0,0,0,0,0,0,0,0,0,0,0,0,0,0,0,0,0,0
985,985,1105,0,0,1507,0,1476,1463,1458,1251,0,0,0,1487,0,0,0,0,1305,1227,1421,0,0,0,0,0,0,0,0,0,0,0,0,0,0,0,0,0,0,0,0,0
1016,1016,1129,0,0,1535,0,1527,1492,1414,1282,0,0,0,1460,0,0,0,0,1248,1209,1381,0,0,0,0,0,0,0,0,0,0,0,0,0,0,0,0,0,0,0,0,0
984,984,1141,0,0,1528,0,1517,1489,1444,1274,0,0,0,1516,0,0,0,0,1332,1235,1431,0,0,0,0,0,0,0,0,0,0,0,0,0,0,0,0,0,0,0,0,0
974,974,1088,0,0,1489,0,1473,1458,1396,1225,0,0,0,1477,0,0,0,0,1289,1220,1430,0,0,0,0,0,0,0,0,0,0,0,0,0,0,0,0,0,0,0,0,0
0,0,0,0,0,0,0,0,0,0,0,0,0,0,0,0,0,0,0,0,0,0,0,0,0,0,0,0,0,0,0,0,0,0,0,0,0,0,0,0,0,0,0
0,0,0,0,0,0,0,0,0,0,0,0,0,0,0,0,0,0,0,0,0,0,0,0,0,0,0,0,0,0,0,0,0,0,0,0,0,0,0,0,0,0,0
0,0,0,0,0,0,0,0,0,0,0,0,0,0,0,0,0,0,0,0,0,0,0,0,0,0,0,0,0,0,0,0,0,0,0,0,0,0,0,0,0,0,0
0,0,0,0,0,0,0,0,0,0,0,0,0,0,0,0,0,0,0,0,0,0,0,0,0,0,0,0,0,0,0,0,0,0,0,0,0,0,0,0,0,0,0
0,0,0,0,0,0,0,0,0,0,0,0,0,0,0,0,0,0,0,0,0,0,0,0,0,0,0,0,0,0,0,0,0,0,0,0,0,0,0,0,0,0,0
0,0,0,0,0,0,0,0,0,0,0,0,0,0,0,0,0,0,0,0,0,0,0,0,0,0,0,0,0,0,0,0,0,0,0,0,0,0,0,0,0,0,0
0,0,0,0,0,0,0,0,0,0,0,0,0,0,0,0,0,0,0,0,0,0,0,0,0,0,0,0,0,0,0,0,0,0,0,0,0,0,0,0,0,0,0
0,0,0,0,0,0,0,0,0,0,0,0,0,0,0,0,0,0,0,0,0,0,0,0,0,0,0,0,0,0,0,0,0,0,0,0,0,0,0,0,0,0,0
0,0,0,0,0,0,0,0,0,0,0,0,0,0,0,0,0,0,0,0,0,0,0,0,0,0,0,0,0,0,0,0,0,0,0,0,0,0,0,0,0,0,0
3109,3109,3242,0,0,2363,0,0,0,0,0,0,0,0,0,0,0,0,0,0,0,0,0,0,0,2355,2324,2424,2369,2369,2514,2564,2541,2497,0,0,0,0,0,0,0,0,0
3109,3109,3242,0,0,2363,0,0,0,0,0,0,0,0,0,0,0,0,0,0,0,0,0,0,0,2355,2324,2424,2369,2369,2514,2564,2541,2497,0,0,0,0,0,0,0,0,0
3090,3090,2794,0,0,2991,0,0,0,0,0,0,0,0,0,0,0,0,0,0,0,0,0,0,0,2747,2984,3093,3033,2986,3151,3218,3212,3237,0,0,0,0,0,0,0,0,0
0,0,0,0,0,0,0,0,0,0,0,0,0,0,0,0,0,0,0,0,0,0,0,0,0,0,0,0,0,0,0,0,0,0,0,0,0,0,0,0,0,0,0
0,0,0,0,0,0,0,0,0,0,0,0,0,0,0,0,0,0,0,0,0,0,0,0,0,0,0,0,0,0,0,0,0,0,0,0,0,0,0,0,0,0,0
2137,2137,2978,0,0,3173,0,0,0,0,0,0,0,0,0,0,0,0,0,0,0,0,0,0,0,3395,3633,3743,3830,3708,3862,3947,3961,3979,0,0,0,0,0,0,0,0,0
0,0,0,0,0,0,0,0,0,0,0,0,0,0,0,0,0,0,0,0,0,0,0,0,0,0,0,0,0,0,0,0,0,0,0,0,0,0,0,0,0,0,0
0,0,0,0,0,0,0,0,0,0,0,0,0,0,0,0,0,0,0,0,0,0,0,0,0,0,0,0,0,0,0,0,0,0,0,0,0,0,0,0,0,0,0
0,0,0,0,0,0,0,0,0,0,0,0,0,0,0,0,0,0,0,0,0,0,0,0,0,0,0,0,0,0,0,0,0,0,0,0,0,0,0,0,0,0,0
2356,2356,3174,0,0,4867,0,0,0,0,0,0,0,0,0,0,0,0,0,0,0,0,0,0,0,6227,5698,5465,5641,5565,5606,5440,5470,5569,0,0,0,0,0,0,0,0,0
2356,2356,3174,0,0,4867,0,0,0,0,0,0,0,0,0,0,0,0,0,0,0,0,0,0,0,6227,5698,5465,5641,5565,5606,5440,5470,5569,0,0,0,0,0,0,0,0,0
2446,2446,3319,0,0,4826,0,0,0,0,0,0,0,0,0,0,0,0,0,0,0,0,0,0,0,5899,5550,5365,5491,5402,5527,5363,5434,5490,0,0,0,0,0,0,0,0,0
2497,2497,3404,0,0,4882,0,0,0,0,0,0,0,0,0,0,0,0,0,0,0,0,0,0,0,5923,5650,5440,5555,5528,5608,5406,5520,5508,0,0,0,0,0,0,0,0,0
2549,2549,3385,0,0,4840,0,0,0,0,0,0,0,0,0,0,0,0,0,0,0,0,0,0,0,5898,5608,5413,5505,5477,5574,5390,5456,5471,0,0,0,0,0,0,0,0,0
0,0,0,0,0,0,0,0,0,0,0,0,0,0,0,0,0,0,0,0,0,0,0,0,0,0,0,0,0,0,0,0,0,0,0,0,0,0,0,0,0,0,0
0,0,0,0,0,0,0,0,0,0,0,0,0,0,0,0,0,0,0,0,0,0,0,0,0,0,0,0,0,0,0,0,0,0,0,0,0,0,0,0,0,0,0
0,0,0,0,0,0,0,0,0,0,0,0,0,0,0,0,0,0,0,0,0,0,0,0,0,0,0,0,0,0,0,0,0,0,0,0,0,0,0,0,0,0,0
0,0,0,0,0,0,0,0,0,0,0,0,0,0,0,0,0,0,0,0,0,0,0,0,0,0,0,0,0,0,0,0,0,0,0,0,0,0,0,0,0,0,0
0,0,0,0,0,0,0,0,0,0,0,0,0,0,0,0,0,0,0,0,0,0,0,0,0,0,0,0,0,0,0,0,0,0,0,0,0,0,0,0,0,0,0
0,0,0,0,0,0,0,0,0,0,0,0,0,0,0,0,0,0,0,0,0,0,0,0,0,0,0,0,0,0,0,0,0,0,0,0,0,0,0,0,0,0,0
0,0,0,0,0,0,0,0,0,0,0,0,0,0,0,0,0,0,0,0,0,0,0,0,0,0,0,0,0,0,0,0,0,0,0,0,0,0,0,0,0,0,0
0,0,0,0,0,0,0,0,0,0,0,0,0,0,0,0,0,0,0,0,0,0,0,0,0,0,0,0,0,0,0,0,0,0,0,0,0,0,0,0,0,0,0
0,0,0,0,0,0,0,0,0,0,0,0,0,0,0,0,0,0,0,0,0,0,0,0,0,0,0,0,0,0,0,0,0,0,0,0,0,0,0,0,0,0,0
0,0,0,0,0,0,0,0,0,0,0,0,0,0,0,0,0,0,0,0,0,0,0,0,0,0,0,0,0,0,0,0,0,0,0,0,0,0,0,0,0,0,0
0,0,0,0,0,0,0,0,0,0,0,0,0,0,0,0,0,0,0,0,0,0,0,0,0,0,0,0,0,0,0,0,0,0,0,0,0,0,0,0,0,0,0
2183,2183,2789,0,0,3566,0,0,0,0,0,0,0,0,0,0,0,0,0,0,0,0,0,0,0,4997,4752,4595,4636,4557,4967,4776,4767,4845,0,0,0,0,0,0,0,0,0
2364,2364,3043,0,0,3921,0,0,0,0,0,0,0,0,0,0,0,0,0,0,0,0,0,0,0,4675,4631,4544,4572,4540,4715,4635,4629,4683,0,0,0,0,0,0,0,0,0
0,0,0,0,0,0,0,0,0,0,0,0,0,0,0,0,0,0,0,0,0,0,0,0,0,0,0,0,0,0,0,0,0,0,0,0,0,0,0,0,0,0,0
2434,2434,3167,0,0,3992,0,0,0,0,0,0,0,0,0,0,0,0,0,0,0,0,0,0,0,4639,4639,4599,4606,4575,4800,4671,4712,4763,0,0,0,0,0,0,0,0,0
2421,2421,3057,0,0,3693,0,0,0,0,0,0,0,0,0,0,0,0,0,0,0,0,0,0,0,4430,4379,4355,4362,4343,4489,4376,4391,4410,0,0,0,0,0,0,0,0,0
2380,2380,3113,0,0,3853,0,0,0,0,0,0,0,0,0,0,0,0,0,0,0,0,0,0,0,4795,4362,4332,4439,4308,4642,4576,4618,4596,0,0,0,0,0,0,0,0,0
2399,2399,3175,0,0,3872,0,0,0,0,0,0,0,0,0,0,0,0,0,0,0,0,0,0,0,4646,4314,4336,4383,4275,4614,4617,4559,4577,0,0,0,0,0,0,0,0,0
2443,2443,3180,0,0,3958,0,0,0,0,0,0,0,0,0,0,0,0,0,0,0,0,0,0,0,4714,4491,4395,4496,4382,4624,4550,4630,4627,0,0,0,0,0,0,0,0,0
2490,2490,3156,0,0,3850,0,0,0,0,0,0,0,0,0,0,0,0,0,0,0,0,0,0,0,4687,4410,4328,4387,4336,4600,4594,4559,4583,0,0,0,0,0,0,0,0,0
0,0,0,0,0,0,0,0,0,0,0,0,0,0,0,0,0,0,0,0,0,0,0,0,0,0,0,0,0,0,0,0,0,0,0,0,0,0,0,0,0,0,0
0,0,0,0,0,0,0,0,0,0,0,0,0,0,0,0,0,0,0,0,0,0,0,0,0,0,0,0,0,0,0,0,0,0,0,0,0,0,0,0,0,0,0
0,0,0,0,0,0,0,0,0,0,0,0,0,0,0,0,0,0,0,0,0,0,0,0,0,0,0,0,0,0,0,0,0,0,0,0,0,0,0,0,0,0,0
0,0,0,0,0,0,0,0,0,0,0,0,0,0,0,0,0,0,0,0,0,0,0,0,0,0,0,0,0,0,0,0,0,0,0,0,0,0,0,0,0,0,0
0,0,0,0,0,0,0,0,0,0,0,0,0,0,0,0,0,0,0,0,0,0,0,0,0,0,0,0,0,0,0,0,0,0,0,0,0,0,0,0,0,0,0
0,0,0,0,0,0,0,0,0,0,0,0,0,0,0,0,0,0,0,0,0,0,0,0,0,0,0,0,0,0,0,0,0,0,0,0,0,0,0,0,0,0,0
0,0,0,0,0,0,0,0,0,0,0,0,0,0,0,0,0,0,0,0,0,0,0,0,0,0,0,0,0,0,0,0,0,0,0,0,0,0,0,0,0,0,0
0,0,0,0,0,0,0,0,0,0,0,0,0,0,0,0,0,0,0,0,0,0,0,0,0,0,0,0,0,0,0,0,0,0,0,0,0,0,0,0,0,0,0
0,0,0,0,0,0,0,0,0,0,0,0,0,0,0,0,0,0,0,0,0,0,0,0,0,0,0,0,0,0,0,0,0,0,0,0,0,0,0,0,0,0,0
