      Assignment         w1         w2         w3   Data Height

            ?-?-?     53.806      4.569      4.570           950195
            ?-?-?     40.797      2.475      2.476           923482
            ?-?-?     62.609      3.975      3.976           912785
            ?-?-?     39.001      2.858      2.862          1599708
            ?-?-?     38.679      3.021      3.020           976458
            ?-?-?     61.031      3.469      3.472          1430822
            ?-?-?     32.541      1.070      1.071           879274
            ?-?-?     32.342      1.720      1.712          5068398
            ?-?-?     29.435      0.899      0.898           914106
            ?-?-?     29.435      1.323      1.323           831427
            ?-?-?     41.891      2.909      2.908          6914550
            ?-?-?     41.626      2.752      2.753          4753323
            ?-?-?     24.409      0.347      0.348          3598083
            ?-?-?     59.315      3.992      3.992          3241260
            ?-?-?     29.189      1.673      1.679          9103644
            ?-?-?     24.965      1.441      1.441          7097054
            ?-?-?     24.645      1.317      1.318           933541
            ?-?-?     58.130      4.012      4.010          2679365
            ?-?-?     41.731      1.303      1.303          3918866
            ?-?-?     61.541      4.475      4.476           933736
            ?-?-?     38.713      3.478      3.478          4146959
            ?-?-?     59.997      3.546      3.545           905807
            ?-?-?     29.279      2.678      2.677           925550
            ?-?-?     59.503      4.092      4.090          2829835
            ?-?-?     34.126      2.596      2.596          2246064
            ?-?-?     63.379      4.090      4.090           986211
            ?-?-?     37.041      2.093      2.093           946489
            ?-?-?     29.224      1.600      1.599          7310440
            ?-?-?     59.167      3.937      3.937          1769789
            ?-?-?     42.160      1.506      1.503          1466350
            ?-?-?     55.386      4.177      4.176           961191
            ?-?-?     29.479      2.169      2.179          9640240
            ?-?-?     36.197      2.371      2.370          4399698
            ?-?-?     38.886      2.908      2.907          1055166
            ?-?-?     39.377      3.192      3.193          1710124
            ?-?-?     29.285      2.131      2.129          8903367
            ?-?-?     36.166      2.430      2.430          5043605
            ?-?-?     59.279      4.197      4.196          1745980
            ?-?-?     32.243      2.004      2.005          3748316
            ?-?-?     58.098      4.123      4.120          1052660
            ?-?-?     43.219      1.236      1.235          3890698
            ?-?-?     26.996      1.871      1.872          1043876
            ?-?-?     26.629      1.833      1.835          1064834
            ?-?-?     61.415      3.869      3.868          1889198
            ?-?-?     32.498      1.884      1.881          4616291
            ?-?-?     42.957      3.182      3.182          3993229
            ?-?-?     27.067      1.372      1.372          7754780
            ?-?-?     55.986      4.249      4.249          1427435
            ?-?-?     42.213      1.867      1.869          6173258
            ?-?-?     26.987      1.639      1.639          7291439
            ?-?-?     60.319      4.318      4.319           946649
            ?-?-?     29.186      3.309      3.309           981139
            ?-?-?     29.186      3.501      3.502           960641
            ?-?-?     40.206      2.813      2.814          3932541
            ?-?-?     67.205      4.091      4.091           927866
            ?-?-?     57.646      4.463      4.462          1304454
            ?-?-?     38.777      2.661      2.662           955674
            ?-?-?     32.551      2.149      2.148          3778205
            ?-?-?     31.765      2.299      2.298           909495
            ?-?-?     31.760      2.515      2.514           890319
            ?-?-?     42.729      1.630      1.632           975600
            ?-?-?     67.471      3.751      3.752           985751
            ?-?-?     69.411      4.305      4.304           941335
            ?-?-?     41.830      1.932      1.933          5248175
            ?-?-?     32.563      1.922      1.924          4421397
            ?-?-?     26.682      1.719      1.724           943440
            ?-?-?     33.755      2.365      2.364          4590979
            ?-?-?     27.123      1.536      1.535           984110
            ?-?-?     29.396      2.371      2.371          3612625
            ?-?-?     36.228      2.191      2.189          6866828
            ?-?-?     54.574      4.253      4.254          1069392
            ?-?-?     63.370      4.319      4.320           959766
            ?-?-?     56.606      4.320      4.319          3237516
            ?-?-?     33.535      2.438      2.440          3736615
            ?-?-?     31.011      1.803      1.802          3763079
            ?-?-?     30.261      1.880      1.880          3798859
            ?-?-?     31.011      1.520      1.519          3723892
            ?-?-?     43.085      3.123      3.123          3863658
            ?-?-?     57.801      4.658      4.659           941923
            ?-?-?     55.919      4.415      4.416           938448
            ?-?-?     53.806      4.569      8.142           952955
            ?-?-?     53.806      4.569      7.077            28546
            ?-?-?     53.807      4.569      3.976            19915
            ?-?-?     53.805      4.569      3.021            34220
            ?-?-?     53.806      4.569      2.719           670823
            ?-?-?     53.806      4.569      2.476           237669
            ?-?-?     40.796      2.475      8.127            36243
            ?-?-?     40.797      2.475      4.570           239125
            ?-?-?     40.798      2.475      3.995            18936
            ?-?-?     40.797      2.475      2.719           915667
            ?-?-?     40.910      2.723      8.139            27886
            ?-?-?     40.798      2.718      4.570           714409
            ?-?-?     40.798      2.718      2.476           968847
            ?-?-?     62.609      3.975      8.140           503953
            ?-?-?     62.608      3.975      7.317            37638
            ?-?-?     62.609      3.975      7.077           445804
            ?-?-?     62.606      3.975      4.570            19397
            ?-?-?     62.611      3.975      3.474            31885
            ?-?-?     62.609      3.975      3.021           243620
            ?-?-?     62.609      3.975      2.855           541495
            ?-?-?     62.610      3.975      2.476            10648
            ?-?-?     62.607      3.974      1.303           487423
            ?-?-?     38.799      2.858      7.305            34920
            ?-?-?     38.783      2.857      3.965           620386
            ?-?-?     38.672      2.854      7.077           786238
            ?-?-?     38.673      2.856      3.474            74856
            ?-?-?     38.672      2.855      3.021           904973
            ?-?-?     38.721      2.856      1.666            14141
            ?-?-?     38.715      2.856      1.309            21941
            ?-?-?     38.672      3.022      8.137          1041701
            ?-?-?     38.693      3.019      7.309            39974
            ?-?-?     38.672      3.022      7.077          1040683
            ?-?-?     38.690      3.019      4.573            35505
            ?-?-?     38.672      3.022      3.976           254686
            ?-?-?     38.674      3.021      3.469            20806
            ?-?-?     38.673      3.022      2.855           968725
            ?-?-?     38.674      3.022      1.674            19521
            ?-?-?     38.673      3.022      1.070             9888
            ?-?-?     61.030      3.469      8.082           340292
            ?-?-?     61.028      3.469      7.331            94573
            ?-?-?     61.005      3.473      7.082            33476
            ?-?-?     61.028      3.469      3.995            31425
            ?-?-?     61.031      3.469      3.021            21520
            ?-?-?     61.032      3.468      2.858            55725
            ?-?-?     61.032      3.468      1.674           782820
            ?-?-?     60.986      3.477      1.316            43794
            ?-?-?     61.032      3.468      1.071           246004
            ?-?-?     61.031      3.468      0.898            20458
            ?-?-?     61.032      3.468      0.348           937864
            ?-?-?     32.541      1.070      8.081           497490
            ?-?-?     32.541      1.070      7.331           754825
            ?-?-?     32.542      1.070      4.015            33903
            ?-?-?     32.541      1.070      3.469           230616
            ?-?-?     32.538      1.070      3.021             9162
            ?-?-?     32.542      1.070      2.868            18835
            ?-?-?     32.541      1.070      2.757            29249
            ?-?-?     32.541      1.070      1.675           893204
            ?-?-?     32.541      1.070      1.323           176587
            ?-?-?     32.541      1.070      0.898           607392
            ?-?-?     32.541      1.070      0.348          1121901
            ?-?-?     32.470      1.711      1.342          2024195
            ?-?-?     32.537      1.676      8.082           706855
            ?-?-?     32.542      1.676      3.470           756588
            ?-?-?     32.540      1.675      3.020            19049
            ?-?-?     32.535      1.676      1.071           940313
            ?-?-?     32.541      1.675      0.898           232209
            ?-?-?     32.540      1.676      0.348          1024534
            ?-?-?     32.298      1.721      7.697          1059659
            ?-?-?     32.281      1.721      7.331          1458439
            ?-?-?     32.281      1.722      4.014          1003076
            ?-?-?     32.358      1.716      2.894           128999
            ?-?-?     32.362      1.721      1.417          1195421
            ?-?-?     29.435      0.899      8.081            13814
            ?-?-?     29.434      0.899      7.331            17293
            ?-?-?     29.437      0.899      3.469            18973
            ?-?-?     29.436      0.899      2.866           233643
            ?-?-?     29.435      0.899      2.756           831228
            ?-?-?     29.435      0.899      1.674           229131
            ?-?-?     29.435      0.899      1.323           918292
            ?-?-?     29.436      0.899      1.071           626124
            ?-?-?     29.435      0.899      0.348          1064836
            ?-?-?     29.440      1.323      8.081            13571
            ?-?-?     29.434      1.323      3.469            27527
            ?-?-?     29.435      1.323      2.869           747209
            ?-?-?     29.435      1.323      2.760           208879
            ?-?-?     29.435      1.323      1.674           713395
            ?-?-?     29.435      1.323      1.071           164112
            ?-?-?     29.435      1.323      0.898           827712
            ?-?-?     29.435      1.323      0.348           949630
            ?-?-?     41.961      2.900      3.998            33617
            ?-?-?     41.907      2.910      1.670          3645385
            ?-?-?     41.527      2.869      3.469            13261
            ?-?-?     41.501      2.864      2.757           921095
            ?-?-?     41.791      2.886      1.331          1806429
            ?-?-?     41.529      2.868      1.071            19163
            ?-?-?     41.528      2.865      0.898           229162
            ?-?-?     41.528      2.869      0.348           891402
            ?-?-?     41.541      2.756      3.469             9497
            ?-?-?     41.508      2.756      2.865           884657
            ?-?-?     41.529      2.759      1.323           215100
            ?-?-?     41.527      2.755      1.071            28505
            ?-?-?     41.529      2.755      0.898           785638
            ?-?-?     41.528      2.756      0.348           843627
            ?-?-?     24.408      0.347      8.081            45301
            ?-?-?     24.408      0.347      7.331            82654
            ?-?-?     24.411      0.347      7.082            39976
            ?-?-?     24.409      0.347      4.015            72465
            ?-?-?     24.409      0.347      3.470           909662
            ?-?-?     24.409      0.347      2.868           877267
            ?-?-?     24.409      0.347      2.757           868567
            ?-?-?     24.409      0.347      1.674           975841
            ?-?-?     24.409      0.347      1.323          1019587
            ?-?-?     24.409      0.347      1.071          1118820
            ?-?-?     24.409      0.347      0.898          1030413
            ?-?-?     59.400      4.016      7.331           340854
            ?-?-?     59.399      4.016      3.477            30536
            ?-?-?     59.400      4.014      1.721          1005001
            ?-?-?     59.399      4.016      1.071            34136
            ?-?-?     59.399      4.016      0.348            73225
            ?-?-?     29.049      1.672      2.917          3693469
            ?-?-?     29.139      1.676      1.424          3518420
            ?-?-?     28.966      1.660      7.332            30690
            ?-?-?     28.773      1.618      4.089           813683
            ?-?-?     42.035      2.930      2.006            98761
            ?-?-?     41.857      2.932      4.149            24611
            ?-?-?     41.773      2.922      1.434          2511452
            ?-?-?     24.846      1.433      1.689          3433088
            ?-?-?     24.696      1.438      7.331            28779
            ?-?-?     24.720      1.443      4.029           914303
            ?-?-?     24.689      1.438      1.323           991118
            ?-?-?     24.646      1.317      8.120            24631
            ?-?-?     24.644      1.317      7.333            24069
            ?-?-?     24.645      1.318      4.013           264177
            ?-?-?     24.645      1.318      2.899           928111
            ?-?-?     24.645      1.318      1.698          1513105
            ?-?-?     24.646      1.321      1.440           949562
            ?-?-?     57.936      4.005      7.698           410634
            ?-?-?     57.916      4.003      1.304          1129163
            ?-?-?     41.751      1.300      8.128            37570
            ?-?-?     41.742      1.302      7.077            58738
            ?-?-?     41.728      1.304      3.995          1510051
            ?-?-?     41.727      1.304      2.855            22243
            ?-?-?     41.727      1.304      1.723            58225
            ?-?-?     41.769      1.296      1.446          1311792
            ?-?-?     26.427      1.422      1.308          1354346
            ?-?-?     25.976      1.422      7.315            23621
            ?-?-?     61.542      4.475      8.626           374203
            ?-?-?     61.542      4.475      8.238            83577
            ?-?-?     61.541      4.474      7.696            11076
            ?-?-?     61.541      4.475      7.082           610642
            ?-?-?     61.541      4.475      6.890            18276
            ?-?-?     61.542      4.475      4.004            18056
            ?-?-?     61.541      4.475      3.479          1038780
            ?-?-?     61.543      4.475      2.215            12426
            ?-?-?     61.542      4.475      1.442            85399
            ?-?-?     61.542      4.475      1.304            41594
            ?-?-?     38.713      3.478      8.100            30204
            ?-?-?     38.711      3.478      7.331            11710
            ?-?-?     38.713      3.478      7.082          1626554
            ?-?-?     38.712      3.478      3.993            23849
            ?-?-?     38.711      3.478      2.855            37618
            ?-?-?     38.711      3.477      1.674            11320
            ?-?-?     38.715      3.478      1.435            22530
            ?-?-?     38.712      3.478      1.303            51390
            ?-?-?     38.714      3.478      1.071             9498
            ?-?-?     38.713      3.478      0.348            69809
            ?-?-?     60.001      3.546      8.620           122061
            ?-?-?     59.997      3.547      8.238           331919
            ?-?-?     59.999      3.546      7.082            62751
            ?-?-?     60.000      3.546      6.890            13167
            ?-?-?     59.998      3.546      4.476            16368
            ?-?-?     59.997      3.547      4.120            17516
            ?-?-?     59.996      3.547      2.677           225875
            ?-?-?     59.996      3.547      2.213           920558
            ?-?-?     59.996      3.547      1.948           687686
            ?-?-?     29.233      1.947      8.619             9990
            ?-?-?     29.362      1.947      8.236            83851
            ?-?-?     29.275      1.948      4.119            26650
            ?-?-?     29.279      1.948      3.546           650812
            ?-?-?     29.279      1.948      2.677           860809
            ?-?-?     29.280      2.678      8.627            15573
            ?-?-?     29.279      2.678      8.238           919827
            ?-?-?     29.279      2.678      8.122           334279
            ?-?-?     29.279      2.678      7.081            10991
            ?-?-?     29.280      2.678      3.545           232833
            ?-?-?     29.279      2.678      2.213          1041272
            ?-?-?     29.279      2.678      1.948           922913
            ?-?-?     36.828      2.213      8.238          1030007
            ?-?-?     36.829      2.213      7.082           181355
            ?-?-?     36.828      2.213      6.890            21226
            ?-?-?     36.829      2.213      3.544          1020106
            ?-?-?     36.829      2.213      2.677          1091912
            ?-?-?     36.509      2.211      1.930          1489646
            ?-?-?     59.775      4.148      8.629           117810
            ?-?-?     59.845      4.148      7.576           334569
            ?-?-?     59.841      4.148      2.006          1065963
            ?-?-?     59.813      4.147      1.430           887997
            ?-?-?     59.699      4.120      8.121           314171
            ?-?-?     59.707      4.120      3.546            17637
            ?-?-?     59.716      4.106      8.450           180656
            ?-?-?     59.684      4.129      2.571           657318
            ?-?-?     29.057      2.213      8.141          1295767
            ?-?-?     29.013      2.220      7.454            39841
            ?-?-?     29.064      2.206      4.475            13581
            ?-?-?     29.080      2.205      2.584          2042267
            ?-?-?     29.174      2.191      8.604           689829
            ?-?-?     34.088      2.342      2.131          1691571
            ?-?-?     33.989      2.310      4.125           381292
            ?-?-?     33.856      2.304      8.121           683799
            ?-?-?     33.851      2.304      7.454            69481
            ?-?-?     34.045      2.588      8.456            21469
            ?-?-?     34.140      2.598      2.329          2100532
            ?-?-?     34.040      2.588      2.200          2036540
            ?-?-?     34.140      2.597      1.935           110433
            ?-?-?     33.851      2.570      7.454            79748
            ?-?-?     33.863      2.572      4.120           620088
            ?-?-?     63.379      4.090      8.619            88781
            ?-?-?     63.380      4.090      8.437           327224
            ?-?-?     63.373      4.086      3.919            18227
            ?-?-?     63.380      4.090      2.099           251487
            ?-?-?     63.379      4.090      1.619           807720
            ?-?-?     37.051      2.092      8.619           395572
            ?-?-?     37.050      2.092      8.437           918188
            ?-?-?     37.047      2.094      8.120            18944
            ?-?-?     37.043      2.093      4.090           233621
            ?-?-?     37.050      2.092      1.546           801362
            ?-?-?     37.055      2.094      1.250            15196
            ?-?-?     28.742      1.548      8.621            34733
            ?-?-?     28.767      1.546      8.437           865524
            ?-?-?     28.789      1.548      8.125            22771
            ?-?-?     28.770      1.550      2.217           129694
            ?-?-?     28.759      1.548      2.093           778721
            ?-?-?     29.176      1.597      1.876          2527508
            ?-?-?     58.970      3.933      1.497           974712
            ?-?-?     58.636      3.920      7.315            91513
            ?-?-?     42.300      1.523      8.619            90676
            ?-?-?     42.247      1.513      3.922           942834
            ?-?-?     42.301      1.523      2.323            19847
            ?-?-?     42.300      1.523      1.250           973251
            ?-?-?     42.027      1.491      7.689            28670
            ?-?-?     42.697      1.245      8.624          1362905
            ?-?-?     42.296      1.250      7.314           602017
            ?-?-?     42.291      1.251      1.519          1014218
            ?-?-?     55.375      4.175      8.619            11182
            ?-?-?     55.375      4.175      7.314           315856
            ?-?-?     55.376      4.178      3.916            19881
            ?-?-?     55.375      4.175      1.250            25330
            ?-?-?     29.657      2.174      7.705          1977047
            ?-?-?     29.654      2.187      7.314            37196
            ?-?-?     29.560      2.174      4.079          2823242
            ?-?-?     29.584      2.177      2.361          3800763
            ?-?-?     29.643      2.147      8.017          1082778
            ?-?-?     29.646      2.147      7.577           540566
            ?-?-?     29.503      2.164      3.970          1373603
            ?-?-?     29.573      2.147      2.425          4075873
            ?-?-?     29.528      2.168      2.344          3412717
            ?-?-?     29.473      2.150      1.450           104229
            ?-?-?     36.211      2.388      7.584            31401
            ?-?-?     36.200      2.372      8.822            86926
            ?-?-?     36.191      2.377      4.320            79123
            ?-?-?     36.201      2.384      3.197            16183
            ?-?-?     57.893      4.317      8.020           176136
            ?-?-?     57.870      4.317      4.082            32297
            ?-?-?     57.696      4.315      2.151           536288
            ?-?-?     57.592      4.319      8.822           337857
            ?-?-?     57.593      4.319      7.576            71291
            ?-?-?     57.594      4.319      3.947            23298
            ?-?-?     57.424      4.320      3.195           786933
            ?-?-?     39.508      3.189      2.368            61979
            ?-?-?     39.222      3.195      8.822           842501
            ?-?-?     39.251      3.194      8.014            58808
            ?-?-?     39.221      3.195      7.575           100268
            ?-?-?     39.332      3.192      4.325          1103476
            ?-?-?     39.221      3.195      4.090            15208
            ?-?-?     39.233      3.194      2.868           968704
            ?-?-?     39.224      3.195      2.191            34061
            ?-?-?     59.256      3.939      8.453           506771
            ?-?-?     29.949      2.112      8.431           862482
            ?-?-?     36.219      2.322      1.522            18859
            ?-?-?     36.221      2.433      8.017           788757
            ?-?-?     36.223      2.433      3.956           277279
            ?-?-?     36.192      2.432      2.843           128702
            ?-?-?     36.175      2.425      2.151          3782033
            ?-?-?     59.382      4.199      2.313           452150
            ?-?-?     32.242      2.005      8.629           739849
            ?-?-?     32.137      1.995      8.014            32406
            ?-?-?     32.242      2.005      7.576          1236063
            ?-?-?     32.243      2.004      4.146          1087490
            ?-?-?     32.242      2.004      2.929           102040
            ?-?-?     32.233      2.007      2.153            60046
            ?-?-?     32.266      1.994      1.687          2044128
            ?-?-?     32.254      2.001      1.427          2313188
            ?-?-?     32.242      2.004      1.234            20225
            ?-?-?     43.267      1.235      8.428           499022
            ?-?-?     43.264      1.235      1.633            83392
            ?-?-?     27.036      1.875      8.629           694948
            ?-?-?     27.036      1.875      7.577            17860
            ?-?-?     27.018      1.873      4.114           327821
            ?-?-?     26.944      1.865      1.989           143936
            ?-?-?     27.033      1.874      1.690            22780
            ?-?-?     27.036      1.875      1.234          1001226
            ?-?-?     61.418      3.874      8.605           116327
            ?-?-?     61.414      3.869      8.440           658074
            ?-?-?     61.415      3.870      7.704           160676
            ?-?-?     61.408      3.862      3.214            13105
            ?-?-?     61.431      3.866      2.887            12193
            ?-?-?     61.416      3.872      1.888          1430192
            ?-?-?     61.411      3.863      1.716           712429
            ?-?-?     61.415      3.869      1.372          2139915
            ?-?-?     61.414      3.863      1.244            53348
            ?-?-?     32.569      1.879      8.619            29579
            ?-?-?     32.604      1.881      8.432          1117314
            ?-?-?     32.483      1.878      2.936           108585
            ?-?-?     32.518      1.875      1.600          2778854
            ?-?-?     43.014      3.170      8.198            62305
            ?-?-?     42.288      3.214      7.575            50598
            ?-?-?     42.288      3.214      2.888           991892
            ?-?-?     27.073      1.375      8.440          1626458
            ?-?-?     27.043      1.375      7.705            67997
            ?-?-?     27.067      1.372      3.869          2146639
            ?-?-?     26.971      1.369      3.213           757193
            ?-?-?     26.970      1.369      2.888          1164125
            ?-?-?     55.446      4.251      7.723           346200
            ?-?-?     55.476      4.249      3.862            19667
            ?-?-?     59.558      4.211      8.949            93380
            ?-?-?     59.561      4.210      8.340           337805
            ?-?-?     59.549      4.209      2.610           725633
            ?-?-?     59.389      4.203      2.136          1592216
            ?-?-?     29.129      2.094      7.470            42003
            ?-?-?     29.104      2.101      1.636           239100
            ?-?-?     34.291      2.613      8.949            13561
            ?-?-?     34.289      2.613      8.336            67124
            ?-?-?     34.285      2.613      4.209           698268
            ?-?-?     42.210      1.863      3.867           950900
            ?-?-?     42.177      1.848      1.234            13131
            ?-?-?     27.036      1.628      8.421            53537
            ?-?-?     27.121      1.634      1.234            78503
            ?-?-?     60.312      4.317      8.025            41807
            ?-?-?     60.292      4.314      2.299            39763
            ?-?-?     29.189      3.309      8.949            18379
            ?-?-?     29.186      3.309      8.413           754706
            ?-?-?     29.186      3.309      8.142           733678
            ?-?-?     29.183      3.309      7.849            10968
            ?-?-?     29.186      3.309      3.502           969223
            ?-?-?     29.186      3.309      2.814            20462
            ?-?-?     29.185      3.309      1.849            14189
            ?-?-?     40.198      2.813      8.642           675408
            ?-?-?     40.202      2.813      8.413          1078412
            ?-?-?     40.185      2.814      4.316           984682
            ?-?-?     40.383      2.810      4.097            70627
            ?-?-?     40.191      2.813      3.308            20551
            ?-?-?     67.205      4.091      8.642           326405
            ?-?-?     57.336      4.465      2.664           661109
            ?-?-?     57.444      4.464      1.944           959085
            ?-?-?     57.320      4.465      1.446            86972
            ?-?-?     38.777      2.661      4.465           624947
            ?-?-?     38.778      2.661      2.298            19483
            ?-?-?     38.778      2.661      1.945            27787
            ?-?-?     38.806      2.924      1.851            15037
            ?-?-?     32.551      2.149      8.021          1049670
            ?-?-?     32.550      2.149      4.316           507190
            ?-?-?     32.549      2.149      2.922            14739
            ?-?-?     32.551      2.149      2.298          1200036
            ?-?-?     31.779      2.299      8.414            12395
            ?-?-?     31.780      2.299      2.660            19129
            ?-?-?     31.760      2.515      8.021            82778
            ?-?-?     31.773      2.514      7.707            13001
            ?-?-?     31.759      2.515      4.197           878834
            ?-?-?     31.760      2.515      2.923            11768
            ?-?-?     31.768      2.515      2.659            10446
            ?-?-?     31.761      2.515      2.298           879675
            ?-?-?     31.760      2.515      2.148           978462
            ?-?-?     42.727      1.629      8.454           112384
            ?-?-?     42.726      1.628      3.937           715882
            ?-?-?     42.725      1.628      1.444           272088
            ?-?-?     42.619      1.943      4.465           827198
            ?-?-?     67.471      3.751      8.454           134708
            ?-?-?     67.471      3.751      8.172           363562
            ?-?-?     67.470      3.751      7.689           127437
            ?-?-?     67.471      3.751      4.455            18441
            ?-?-?     67.471      3.751      4.304           240215
            ?-?-?     67.472      3.751      3.928            21459
            ?-?-?     67.471      3.751      1.930           543245
            ?-?-?     69.416      4.305      8.022            10252
            ?-?-?     69.411      4.305      7.691           854357
            ?-?-?     69.414      4.305      2.148            20974
            ?-?-?     58.103      4.456      7.690           421463
            ?-?-?     58.320      4.181      7.688           356573
            ?-?-?     58.223      4.180      2.367           405202
            ?-?-?     42.170      1.902      2.189            71585
            ?-?-?     26.660      1.729      7.693            25788
            ?-?-?     33.680      2.380      4.333          1041024
            ?-?-?     33.694      2.367      3.189            53828
            ?-?-?     29.396      2.371      4.180           388413
            ?-?-?     36.155      2.166      3.981           916419
            ?-?-?     59.139      4.087      7.473            17598
            ?-?-?     40.811      2.942      1.887           115316
            ?-?-?     54.399      4.253      1.628            78196
            ?-?-?     63.371      4.319      3.981             9860
            ?-?-?     63.373      4.319      2.366            11503
            ?-?-?     63.371      4.319      2.184            36004
            ?-?-?     56.783      4.296      2.199           983340
            ?-?-?     56.461      4.334      2.376          1017983
            ?-?-?     56.583      4.319      2.431          1033806
            ?-?-?     31.023      1.804      8.425           758538
            ?-?-?     31.011      1.520      8.144          1026171
            ?-?-?     43.082      3.127      8.153            65732
            ?-?-?     43.087      3.121      1.520          1847789
            ?-?-?     57.801      4.658      8.230           349696
            ?-?-?     57.802      4.658      7.792            85559
            ?-?-?     57.802      4.658      7.321            26869
            ?-?-?     57.802      4.658      4.240            18299
            ?-?-?     57.801      4.658      3.189           244531
            ?-?-?     57.801      4.658      2.959           623814
            ?-?-?     57.802      4.658      1.519            60613
            ?-?-?     39.610      2.960      7.792            86625
            ?-?-?     55.919      4.415      7.992           104023
            ?-?-?     56.033      4.406      1.929           260298
            ?-?-?     55.923      4.411      1.785          1000520
            ?-?-?     55.928      4.409      1.650           787877
            ?-?-?     53.807      4.569      7.331            22393
            ?-?-?     53.807      4.568      1.723            10443
            ?-?-?     53.805      4.569      1.071            11805
            ?-?-?     40.796      2.475      7.696            39301
            ?-?-?     40.797      2.475      7.331           114929
            ?-?-?     40.797      2.475      1.720           548819
            ?-?-?     40.794      2.475      1.440            11210
            ?-?-?     40.797      2.475      1.312            24482
            ?-?-?     40.795      2.475      1.071            13170
            ?-?-?     40.796      2.718      7.331            17704
            ?-?-?     40.848      2.721      1.709            52912
            ?-?-?     62.604      3.974      8.627            55827
            ?-?-?     62.605      3.974      7.696            96606
            ?-?-?     62.549      3.961      1.441            15399
            ?-?-?     39.221      2.866      8.822           549248
            ?-?-?     39.156      2.876      8.019           708387
            ?-?-?     38.999      2.869      7.703            23439
            ?-?-?     39.222      2.866      7.575            59750
            ?-?-?     39.041      2.864      3.939           529058
            ?-?-?     39.229      2.870      3.196           998403
            ?-?-?     39.270      2.863      2.433            92491
            ?-?-?     39.297      2.863      2.158            31665
            ?-?-?     39.416      2.869      1.527            24087
            ?-?-?     39.162      2.865      1.356            18451
            ?-?-?     61.016      3.471      8.627           105236
            ?-?-?     61.031      3.468      7.696            24040
            ?-?-?     61.012      3.472      4.477            10345
            ?-?-?     32.540      1.070      8.627             9117
            ?-?-?     32.544      1.070      7.696            14022
            ?-?-?     32.541      1.070      4.569            11206
            ?-?-?     32.541      1.070      2.476            12463
            ?-?-?     32.536      1.070      2.213            11442
            ?-?-?     32.607      1.717      8.950            11156
            ?-?-?     32.601      1.719      8.428            89742
            ?-?-?     32.585      1.718      4.253            36202
            ?-?-?     32.612      1.717      3.861           716721
            ?-?-?     32.609      1.717      1.858           997630
            ?-?-?     32.277      1.722      8.627            16207
            ?-?-?     32.277      1.722      4.570            10267
            ?-?-?     32.296      1.719      2.711            58764
            ?-?-?     32.279      1.722      2.476           512723
            ?-?-?     32.281      1.722      2.303            15754
            ?-?-?     41.841      2.900      7.454           828262
            ?-?-?     41.891      2.908      2.585            44478
            ?-?-?     41.897      2.910      2.312            81799
            ?-?-?     41.556      2.871      2.225            27364
            ?-?-?     41.672      2.752      8.469           647680
            ?-?-?     41.677      2.752      7.691          1359774
            ?-?-?     41.677      2.752      6.717            12291
            ?-?-?     41.676      2.752      4.455          1057572
            ?-?-?     41.676      2.752      4.090           432385
            ?-?-?     41.634      2.751      2.603            26191
            ?-?-?     41.586      2.754      2.184            52956
            ?-?-?     41.676      2.752      1.825           101573
            ?-?-?     41.678      2.753      1.490            21506
            ?-?-?     24.411      0.347      8.627             9087
            ?-?-?     24.409      0.347      8.238            37814
            ?-?-?     24.409      0.347      2.213           263807
            ?-?-?     59.401      4.016      2.677           516823
            ?-?-?     59.336      4.043      1.444           963131
            ?-?-?     59.397      3.988      8.181           431541
            ?-?-?     59.574      3.989      2.361          1729540
            ?-?-?     58.865      3.999      8.949           346945
            ?-?-?     58.752      4.001      6.744            18097
            ?-?-?     29.062      1.678      8.628            20873
            ?-?-?     29.096      1.686      7.576            31486
            ?-?-?     29.089      1.688      6.660            50522
            ?-?-?     29.086      1.684      2.364            82964
            ?-?-?     29.142      1.687      2.001          2027498
            ?-?-?     29.210      1.652      7.701            27786
            ?-?-?     28.971      1.660      7.454            51492
            ?-?-?     28.972      1.660      2.719            24317
            ?-?-?     28.980      1.659      2.475           106371
            ?-?-?     42.040      2.930      6.660           961664
            ?-?-?     42.289      2.888      8.017             9695
            ?-?-?     42.288      2.888      7.574           251210
            ?-?-?     42.282      2.888      4.320            18996
            ?-?-?     42.288      2.888      3.873            12323
            ?-?-?     42.288      2.888      3.213           909865
            ?-?-?     42.129      2.890      1.859            34940
            ?-?-?     42.209      2.887      8.428            18423
            ?-?-?     24.928      1.454      8.179            15244
            ?-?-?     24.961      1.459      7.772           873069
            ?-?-?     24.956      1.452      4.092          1243570
            ?-?-?     24.962      1.459      1.881          2296322
            ?-?-?     24.941      1.457      1.601          2323557
            ?-?-?     24.972      1.430      8.336            38954
            ?-?-?     24.972      1.430      7.576            49180
            ?-?-?     24.971      1.430      6.660           136824
            ?-?-?     24.914      1.441      2.930          3558870
            ?-?-?     24.895      1.431      2.617            51293
            ?-?-?     24.939      1.434      2.330           373281
            ?-?-?     24.972      1.430      2.006          2299529
            ?-?-?     24.728      1.442      8.133            15583
            ?-?-?     24.716      1.441      7.457            25054
            ?-?-?     24.718      1.436      2.654            48991
            ?-?-?     24.642      1.317      8.236            10411
            ?-?-?     24.645      1.317      7.696            60849
            ?-?-?     24.644      1.317      7.454           118498
            ?-?-?     24.646      1.318      2.675            22123
            ?-?-?     24.645      1.317      2.572            32577
            ?-?-?     24.645      1.317      2.488            15309
            ?-?-?     24.645      1.317      2.303           287903
            ?-?-?     58.608      4.006      1.867          1481435
            ?-?-?     57.890      4.031      8.464           461202
            ?-?-?     58.051      4.023      8.167           207623
            ?-?-?     57.893      4.018      4.464            32017
            ?-?-?     57.949      4.030      2.597           135334
            ?-?-?     57.936      4.021      2.202          1220956
            ?-?-?     58.059      4.023      1.488           424814
            ?-?-?     58.031      4.008      8.609           472153
            ?-?-?     58.143      4.007      7.985           102806
            ?-?-?     58.013      4.008      7.902           108404
            ?-?-?     57.909      4.003      7.454            17877
            ?-?-?     42.060      1.262      2.447            10836
            ?-?-?     41.786      1.292      8.231            17047
            ?-?-?     41.727      1.304      7.696          1396965
            ?-?-?     41.726      1.304      4.476            43469
            ?-?-?     26.805      1.440      8.165            26169
            ?-?-?     26.593      1.443      4.470           145774
            ?-?-?     26.709      1.442      2.137            88432
            ?-?-?     26.104      1.423      8.620           578462
            ?-?-?     26.144      1.425      7.081            58870
            ?-?-?     26.106      1.421      6.890            70144
            ?-?-?     26.115      1.422      3.541            71642
            ?-?-?     61.541      4.475      8.437            99611
            ?-?-?     61.541      4.475      8.121            31906
            ?-?-?     61.541      4.475      2.093           284087
            ?-?-?     61.541      4.475      1.541            53770
            ?-?-?     38.713      3.478      8.627          1236387
            ?-?-?     38.713      3.478      8.238           713900
            ?-?-?     38.713      3.478      7.696            28170
            ?-?-?     38.712      3.478      6.890            56502
            ?-?-?     38.713      3.478      4.476           995837
            ?-?-?     38.712      3.478      2.677            18857
            ?-?-?     38.712      3.478      2.213           132903
            ?-?-?     59.997      3.547      8.437            25224
            ?-?-?     60.007      3.545      4.015            10209
            ?-?-?     59.997      3.546      3.921             9928
            ?-?-?     59.994      3.547      1.517            32164
            ?-?-?     59.996      3.547      1.421            66455
            ?-?-?     59.996      3.547      1.250           575485
            ?-?-?     29.277      1.947      7.315            14284
            ?-?-?     29.277      1.948      4.017            26700
            ?-?-?     29.290      1.947      1.440             8998
            ?-?-?     29.255      1.947      1.250            22804
            ?-?-?     29.275      2.678      8.437            11331
            ?-?-?     29.281      2.678      7.696            11501
            ?-?-?     29.282      2.678      7.331            11835
            ?-?-?     29.280      2.678      4.015           521781
            ?-?-?     29.281      2.678      1.723            22394
            ?-?-?     29.281      2.678      1.440            38675
            ?-?-?     29.279      2.678      1.312            23088
            ?-?-?     29.277      2.678      0.348            21606
            ?-?-?     36.831      2.213      7.331            11441
            ?-?-?     36.830      2.214      2.868            27035
            ?-?-?     36.829      2.213      1.250            30959
            ?-?-?     36.831      2.213      1.071            12437
            ?-?-?     36.829      2.213      0.348           287960
            ?-?-?     59.697      4.114      7.314           108837
            ?-?-?     59.723      4.093      4.455             9516
            ?-?-?     59.731      4.091      2.752           403172
            ?-?-?     59.590      4.084      7.714           812323
            ?-?-?     59.193      4.102      2.939            28473
            ?-?-?     59.626      4.079      2.409          1186371
            ?-?-?     59.621      4.083      2.180          1810001
            ?-?-?     29.077      2.202      8.439           654428
            ?-?-?     29.047      2.218      1.546           134613
            ?-?-?     29.011      2.220      1.310            46339
            ?-?-?     29.144      2.198      8.171          1207168
            ?-?-?     29.162      2.187      6.713            43374
            ?-?-?     29.235      2.195      4.018          2104708
            ?-?-?     29.300      2.171      1.882           125688
            ?-?-?     34.290      2.327      8.949            25200
            ?-?-?     34.204      2.341      8.614            23466
            ?-?-?     34.273      2.328      8.337           766441
            ?-?-?     34.279      2.326      4.205           293713
            ?-?-?     34.128      2.348      3.988           893769
            ?-?-?     34.156      2.331      2.599          2101980
            ?-?-?     34.103      2.337      2.185          1664396
            ?-?-?     34.108      2.329      1.714            33925
            ?-?-?     34.135      2.349      1.596            58494
            ?-?-?     34.139      2.321      7.714            28404
            ?-?-?     34.065      2.313      2.914            81430
            ?-?-?     34.222      2.322      1.430           309077
            ?-?-?     33.857      2.304      1.318           273322
            ?-?-?     34.139      2.597      8.603            27159
            ?-?-?     34.137      2.597      8.180           932754
            ?-?-?     34.140      2.597      7.685            21242
            ?-?-?     34.181      2.601      6.698           119894
            ?-?-?     34.140      2.597      4.455            34776
            ?-?-?     34.129      2.596      4.000           312885
            ?-?-?     34.067      2.590      2.913            43519
            ?-?-?     34.160      2.599      2.764            30763
            ?-?-?     34.141      2.597      1.728            25251
            ?-?-?     34.139      2.597      1.595            15357
            ?-?-?     34.202      2.606      1.431            42558
            ?-?-?     33.857      2.571      1.318            29234
            ?-?-?     63.381      4.090      8.822            56244
            ?-?-?     63.379      4.090      7.704           118374
            ?-?-?     63.376      4.090      7.314            27991
            ?-?-?     63.381      4.090      3.196            15858
            ?-?-?     63.377      4.090      2.368            15632
            ?-?-?     63.379      4.090      2.193           537366
            ?-?-?     37.054      2.093      7.314            12701
            ?-?-?     37.049      2.095      7.082            31624
            ?-?-?     37.055      2.093      6.891             9804
            ?-?-?     37.051      2.092      4.476           279403
            ?-?-?     28.757      1.547      4.476            49063
            ?-?-?     28.919      1.584      8.170            16965
            ?-?-?     29.061      1.593      7.897            13733
            ?-?-?     29.098      1.595      7.769            63107
            ?-?-?     29.264      1.597      3.976           530102
            ?-?-?     29.064      1.593      2.598            15876
            ?-?-?     29.070      1.599      2.352            62943
            ?-?-?     29.063      1.603      1.455          2520708
            ?-?-?     59.160      3.942      4.466            11189
            ?-?-?     58.561      3.917      8.822           101395
            ?-?-?     58.557      3.918      3.545             9415
            ?-?-?     58.559      3.917      3.196           109748
            ?-?-?     58.563      3.917      2.865           350191
            ?-?-?     42.300      1.523      8.822            11252
            ?-?-?     42.299      1.523      8.017            16946
            ?-?-?     42.299      1.523      7.314           117064
            ?-?-?     42.298      1.523      4.174            40894
            ?-?-?     42.301      1.523      3.546            33748
            ?-?-?     42.298      1.523      2.865            22292
            ?-?-?     42.300      1.523      2.433            60251
            ?-?-?     42.026      1.491      8.462          1411808
            ?-?-?     42.026      1.492      8.172            11896
            ?-?-?     42.028      1.491      3.753            10346
            ?-?-?     42.026      1.491      2.754            19564
            ?-?-?     42.124      1.500      2.160            24514
            ?-?-?     42.027      1.491      1.944           909096
            ?-?-?     42.026      1.491      1.826           681769
            ?-?-?     42.298      1.249      6.890            10573
            ?-?-?     42.298      1.249      3.546           630114
            ?-?-?     42.300      1.249      2.677            10535
            ?-?-?     42.268      1.259      2.213            35176
            ?-?-?     55.374      4.175      8.822            24302
            ?-?-?     55.382      4.176      8.017           115946
            ?-?-?     55.376      4.175      7.577            36115
            ?-?-?     55.374      4.175      2.864            11543
            ?-?-?     55.375      4.175      2.433            75846
            ?-?-?     55.375      4.175      2.321            51696
            ?-?-?     55.374      4.175      2.145           396609
            ?-?-?     59.559      4.068      8.822            88523
            ?-?-?     29.720      2.190      8.822           778296
            ?-?-?     29.724      2.189      3.196            34139
            ?-?-?     29.400      2.149      2.836            37719
            ?-?-?     36.195      2.372      8.629            47172
            ?-?-?     36.198      2.369      2.007            98949
            ?-?-?     36.198      2.369      1.876           302052
            ?-?-?     36.198      2.369      1.689            74958
            ?-?-?     36.200      2.374      1.235            25563
            ?-?-?     57.847      4.317      8.635           189781
            ?-?-?     57.825      4.316      8.413           387843
            ?-?-?     58.025      4.316      2.819           999332
            ?-?-?     57.593      4.319      1.368            33470
            ?-?-?     57.592      4.319      1.234           423263
            ?-?-?     38.890      2.915      4.319           434399
            ?-?-?     39.589      3.188      8.394            16549
            ?-?-?     39.591      3.188      8.230           942638
            ?-?-?     39.591      3.188      7.792           323371
            ?-?-?     39.592      3.188      7.321            21434
            ?-?-?     39.591      3.188      4.659           239940
            ?-?-?     39.581      3.188      2.957           963043
            ?-?-?     39.548      3.189      2.115            13181
            ?-?-?     39.590      3.188      1.941             9700
            ?-?-?     39.588      3.188      1.802            12077
            ?-?-?     39.590      3.188      1.519            19404
            ?-?-?     39.220      3.195      8.620            10058
            ?-?-?     39.221      3.195      3.918           118411
            ?-?-?     39.223      3.194      1.234            11861
            ?-?-?     59.817      3.969      8.004           597622
            ?-?-?     59.928      3.961      7.576            97290
            ?-?-?     59.696      3.969      4.320            28610
            ?-?-?     59.734      3.973      2.163          2063603
            ?-?-?     59.365      3.956      1.618           997605
            ?-?-?     59.200      3.937      3.752            17624
            ?-?-?     28.991      2.126      8.949           646399
            ?-?-?     29.001      2.126      8.337          1035078
            ?-?-?     29.000      2.133      6.662            39892
            ?-?-?     29.103      2.130      4.200          1118857
            ?-?-?     28.991      2.126      1.234            37273
            ?-?-?     36.151      2.432      8.453            41044
            ?-?-?     36.151      2.431      7.707           974560
            ?-?-?     36.217      2.433      7.314            11733
            ?-?-?     36.223      2.433      1.524            62198
            ?-?-?     32.241      2.004      8.822            10920
            ?-?-?     32.249      2.005      6.661             9154
            ?-?-?     32.105      1.993      4.316            13412
            ?-?-?     32.231      2.003      2.365           101626
            ?-?-?     29.686      1.671      3.752           401487
            ?-?-?     29.690      1.669      1.934          1985421
            ?-?-?     29.560      1.648      1.378          3196437
            ?-?-?     58.072      4.140      3.869            22027
            ?-?-?     57.971      4.118      8.949            59458
            ?-?-?     57.976      4.118      8.628           353204
            ?-?-?     57.974      4.119      8.338           151210
            ?-?-?     57.969      4.118      6.660            14215
            ?-?-?     58.058      4.118      2.127           765733
            ?-?-?     58.149      4.123      1.650            40674
            ?-?-?     57.968      4.119      1.234          1025890
            ?-?-?     43.278      1.235      8.949            20522
            ?-?-?     43.283      1.235      8.822            11751
            ?-?-?     43.268      1.235      8.018            10945
            ?-?-?     43.275      1.235      7.576            27854
            ?-?-?     43.278      1.235      4.320           447767
            ?-?-?     43.273      1.235      4.118           987445
            ?-?-?     43.277      1.235      3.196            11941
            ?-?-?     43.257      1.236      2.369            23467
            ?-?-?     43.190      1.236      2.125            40143
            ?-?-?     43.277      1.235      1.876           996008
            ?-?-?     27.037      1.875      8.822            10503
            ?-?-?     27.035      1.875      4.320            53816
            ?-?-?     27.035      1.875      2.368           298066
            ?-?-?     26.564      1.826      8.469           481379
            ?-?-?     26.559      1.825      6.717             9460
            ?-?-?     26.573      1.827      4.036           342158
            ?-?-?     26.560      1.825      2.753            94410
            ?-?-?     26.598      1.830      2.156            68774
            ?-?-?     26.561      1.825      1.490           699513
            ?-?-?     61.411      3.862      8.949           107897
            ?-?-?     61.422      3.867      8.153            63192
            ?-?-?     61.401      3.875      7.989            41926
            ?-?-?     61.413      3.871      4.164            24407
            ?-?-?     61.413      3.875      4.007            40382
            ?-?-?     61.412      3.862      3.501            12610
            ?-?-?     61.391      3.876      2.371            13648
            ?-?-?     32.465      1.880      7.898           649269
            ?-?-?     32.503      1.876      7.758          1232093
            ?-?-?     32.466      1.880      4.086           881967
            ?-?-?     32.553      1.869      3.972           884935
            ?-?-?     32.537      1.867      2.149            45520
            ?-?-?     32.470      1.881      1.454          2195060
            ?-?-?     29.602      1.604      3.213          1126370
            ?-?-?     43.001      3.182      8.426            14780
            ?-?-?     43.005      3.182      7.897            11107
            ?-?-?     43.008      3.182      7.321            94689
            ?-?-?     43.011      3.176      4.258           321391
            ?-?-?     43.006      3.182      1.802          1802849
            ?-?-?     42.879      3.177      1.625          2712564
            ?-?-?     42.289      3.214      3.861            13775
            ?-?-?     42.288      3.214      1.369           775868
            ?-?-?     26.971      1.369      8.017            12395
            ?-?-?     26.973      1.369      7.576            44521
            ?-?-?     26.972      1.369      4.320            35819
            ?-?-?     27.151      1.376      1.924          2593306
            ?-?-?     27.116      1.373      1.663          3117570
            ?-?-?     55.481      4.252      8.949            27014
            ?-?-?     55.481      4.252      3.502           106699
            ?-?-?     55.484      4.252      3.309           449690
            ?-?-?     59.612      4.230      3.309            14953
            ?-?-?     59.556      4.211      2.814           544642
            ?-?-?     29.127      2.097      8.198           634760
            ?-?-?     29.136      2.097      7.765          1146105
            ?-?-?     29.357      2.093      4.320          1175134
            ?-?-?     29.129      2.093      3.120            42129
            ?-?-?     42.250      1.882      8.603          1296545
            ?-?-?     42.251      1.882      7.989           761865
            ?-?-?     42.217      1.871      4.005          1862710
            ?-?-?     42.178      1.848      8.949          1028962
            ?-?-?     42.179      1.849      8.350            24266
            ?-?-?     42.176      1.851      8.143           676508
            ?-?-?     42.178      1.848      6.745           121585
            ?-?-?     42.178      1.848      4.317            59193
            ?-?-?     42.179      1.848      3.502            36090
            ?-?-?     42.180      1.848      3.309            13474
            ?-?-?     42.180      1.850      1.634           987821
            ?-?-?     26.976      1.644      8.160          1158340
            ?-?-?     26.984      1.648      4.247          1209934
            ?-?-?     26.973      1.644      3.136          2762482
            ?-?-?     27.054      1.653      2.441            10824
            ?-?-?     27.023      1.637      2.101           216444
            ?-?-?     26.995      1.649      1.521          2377919
            ?-?-?     27.117      1.634      8.949           464576
            ?-?-?     26.940      1.635      8.182          1109906
            ?-?-?     26.933      1.619      7.898            10166
            ?-?-?     26.935      1.621      7.766            18013
            ?-?-?     26.917      1.627      7.321            39754
            ?-?-?     26.926      1.630      4.318          1157621
            ?-?-?     27.126      1.633      3.999           347969
            ?-?-?     27.118      1.634      3.862            47299
            ?-?-?     26.936      1.634      3.162          2559658
            ?-?-?     26.966      1.628      1.813          2640536
            ?-?-?     60.290      4.311      8.949            11025
            ?-?-?     60.308      4.317      8.636            24106
            ?-?-?     60.320      4.318      8.536            79939
            ?-?-?     60.308      4.317      8.413            86758
            ?-?-?     60.321      4.318      8.142           342714
            ?-?-?     60.322      4.318      7.849            15641
            ?-?-?     60.322      4.318      6.745            21657
            ?-?-?     60.314      4.317      3.999            17532
            ?-?-?     60.321      4.318      3.502           830979
            ?-?-?     60.321      4.318      3.309           233733
            ?-?-?     60.321      4.318      2.923           385578
            ?-?-?     60.288      4.311      2.661            27440
            ?-?-?     60.322      4.318      1.849            57425
            ?-?-?     29.185      3.309      8.642            15999
            ?-?-?     29.188      3.309      7.722            11411
            ?-?-?     29.186      3.309      4.263           524703
            ?-?-?     29.185      3.309      2.298            13367
            ?-?-?     29.187      3.501      8.949            13570
            ?-?-?     29.185      3.501      8.413            55337
            ?-?-?     29.186      3.501      8.142           658746
            ?-?-?     29.185      3.501      7.849            16987
            ?-?-?     29.186      3.501      4.318           895413
            ?-?-?     29.185      3.501      3.861            13262
            ?-?-?     29.186      3.501      3.309           972418
            ?-?-?     29.185      3.501      2.923            12433
            ?-?-?     29.190      3.501      2.298            10084
            ?-?-?     29.185      3.501      1.849            38249
            ?-?-?     29.190      3.501      1.718            19658
            ?-?-?     40.192      2.813      8.949            12064
            ?-?-?     40.199      2.813      4.212           582572
            ?-?-?     40.220      2.812      2.613            22507
            ?-?-?     67.205      4.091      8.541            97541
            ?-?-?     67.204      4.091      8.021            24957
            ?-?-?     67.205      4.091      7.707           121916
            ?-?-?     67.204      4.091      4.465            18626
            ?-?-?     67.210      4.091      4.317            18314
            ?-?-?     67.204      4.091      2.814            60632
            ?-?-?     67.204      4.091      2.431            97483
            ?-?-?     67.205      4.091      2.151           576595
            ?-?-?     67.204      4.091      1.446            29267
            ?-?-?     57.341      4.465      8.531           351677
            ?-?-?     57.296      4.465      8.021            90758
            ?-?-?     57.321      4.466      6.745            22408
            ?-?-?     57.323      4.465      4.196            18297
            ?-?-?     57.642      4.463      4.086            25331
            ?-?-?     57.330      4.465      3.938            12070
            ?-?-?     57.319      4.465      2.923           248095
            ?-?-?     57.318      4.463      2.151            13328
            ?-?-?     38.777      2.661      8.535            84881
            ?-?-?     38.781      2.661      8.172            16520
            ?-?-?     38.777      2.661      8.021           102724
            ?-?-?     38.775      2.661      7.707             9571
            ?-?-?     38.777      2.661      6.745            62050
            ?-?-?     38.777      2.661      4.320            27216
            ?-?-?     38.778      2.661      4.197            32395
            ?-?-?     38.777      2.661      2.923           955560
            ?-?-?     38.817      2.661      2.517            11290
            ?-?-?     38.777      2.924      8.536           916186
            ?-?-?     38.777      2.924      6.745            93581
            ?-?-?     38.777      2.924      4.465           234969
            ?-?-?     38.777      2.924      2.662           934984
            ?-?-?     38.790      2.919      2.513            12876
            ?-?-?     38.784      2.922      2.298            46901
            ?-?-?     38.805      2.924      1.940            11061
            ?-?-?     58.952      4.188      8.170           139602
            ?-?-?     59.077      4.194      8.018           346850
            ?-?-?     59.147      4.195      4.465            15855
            ?-?-?     59.133      4.196      3.752             8801
            ?-?-?     59.157      4.195      2.515           873359
            ?-?-?     32.549      2.146      8.640            13268
            ?-?-?     32.550      2.149      8.531            19962
            ?-?-?     32.543      2.149      8.437            21929
            ?-?-?     32.551      2.149      8.169            10781
            ?-?-?     32.551      2.149      7.707           582139
            ?-?-?     32.551      2.149      4.197           951677
            ?-?-?     32.550      2.149      2.798            26188
            ?-?-?     32.551      2.149      2.513          1086150
            ?-?-?     31.760      2.299      8.536            17442
            ?-?-?     31.759      2.299      8.021           765271
            ?-?-?     31.758      2.299      7.849            63745
            ?-?-?     31.759      2.299      7.707            23428
            ?-?-?     31.774      2.299      4.317           121579
            ?-?-?     31.760      2.299      4.197           220786
            ?-?-?     31.759      2.300      3.503             9536
            ?-?-?     31.759      2.299      3.309            12561
            ?-?-?     31.762      2.299      2.923            46242
            ?-?-?     31.760      2.299      2.514           920252
            ?-?-?     31.761      2.299      2.148          1137608
            ?-?-?     31.762      2.515      7.849            40163
            ?-?-?     42.729      1.630      8.172           110503
            ?-?-?     42.729      1.630      4.465            37012
            ?-?-?     42.727      1.630      3.752            36084
            ?-?-?     42.729      1.630      1.945           960116
            ?-?-?     42.652      1.944      8.453           992833
            ?-?-?     42.596      1.943      3.754            26883
            ?-?-?     42.703      1.941      1.631           968574
            ?-?-?     42.181      1.935      1.486          1254414
            ?-?-?     67.471      3.751      1.668           453127
            ?-?-?     67.470      3.751      1.483            11776
            ?-?-?     67.471      3.751      1.374            89618
            ?-?-?     69.411      4.305      8.461            29823
            ?-?-?     69.411      4.305      8.172           660448
            ?-?-?     69.410      4.305      4.454            33394
            ?-?-?     69.411      4.305      4.201           332224
            ?-?-?     69.411      4.305      3.752           230564
            ?-?-?     69.411      4.305      2.753            48837
            ?-?-?     69.413      4.305      2.514            17769
            ?-?-?     69.412      4.305      1.939            22346
            ?-?-?     57.754      4.459      8.177            68159
            ?-?-?     58.127      4.456      3.752            16031
            ?-?-?     58.123      4.456      2.752           926262
            ?-?-?     58.030      4.457      1.723            11627
            ?-?-?     41.856      1.934      8.180          1133468
            ?-?-?     41.709      1.935      7.685          1469467
            ?-?-?     41.705      1.935      4.180          1144426
            ?-?-?     41.776      1.933      2.942            37009
            ?-?-?     41.717      1.935      2.752            11235
            ?-?-?     41.711      1.935      2.599           115500
            ?-?-?     41.707      1.935      1.728          1235892
            ?-?-?     26.569      1.794      7.692            14840
            ?-?-?     32.587      1.927      3.875           955778
            ?-?-?     32.587      1.930      3.753           505275
            ?-?-?     32.580      1.924      1.377          2511394
            ?-?-?     32.491      1.905      8.184            38381
            ?-?-?     32.495      1.900      2.364            43291
            ?-?-?     58.262      4.178      3.985            28079
            ?-?-?     58.171      4.179      1.934          1074231
            ?-?-?     58.169      4.181      1.728           162941
            ?-?-?     42.127      1.891      2.369            57304
            ?-?-?     26.655      1.727      7.989            10208
            ?-?-?     26.660      1.726      7.767            27922
            ?-?-?     26.660      1.727      4.455            11881
            ?-?-?     26.658      1.727      2.943           945799
            ?-?-?     26.656      1.727      2.598            24031
            ?-?-?     26.659      1.727      2.362            35960
            ?-?-?     26.659      1.727      1.934          1141377
            ?-?-?     33.728      2.366      6.768           177383
            ?-?-?     33.699      2.367      1.941          1178220
            ?-?-?     27.093      1.534      7.988            64058
            ?-?-?     27.075      1.533      7.739            27303
            ?-?-?     27.082      1.534      4.001           255740
            ?-?-?     27.097      1.534      2.371            15973
            ?-?-?     27.093      1.535      1.883          1214507
            ?-?-?     29.394      2.371      8.603            27488
            ?-?-?     29.402      2.371      8.181             9999
            ?-?-?     29.396      2.371      7.989          1265474
            ?-?-?     29.396      2.371      7.772           741913
            ?-?-?     29.410      2.371      7.467            11892
            ?-?-?     29.396      2.371      3.981           965851
            ?-?-?     29.401      2.371      2.943             9573
            ?-?-?     29.396      2.371      2.166          2115878
            ?-?-?     29.395      2.371      1.892            79807
            ?-?-?     29.398      2.371      1.728            19509
            ?-?-?     29.396      2.371      1.459           117143
            ?-?-?     36.151      2.165      7.989            48920
            ?-?-?     36.149      2.168      7.767           127275
            ?-?-?     36.151      2.165      7.467           197035
            ?-?-?     36.151      2.166      2.372          2223957
            ?-?-?     36.306      2.154      1.464            40882
            ?-?-?     59.105      4.085      7.897            96629
            ?-?-?     59.049      4.081      1.881          1026378
            ?-?-?     40.853      2.941      4.088            27389
            ?-?-?     40.862      2.941      1.595          2186601
            ?-?-?     54.339      4.253      8.197           100543
            ?-?-?     54.280      4.253      7.898           330180
            ?-?-?     54.321      4.249      4.087            20814
            ?-?-?     54.285      4.253      3.181           322296
            ?-?-?     54.287      4.253      1.803           390158
            ?-?-?     63.370      4.319      8.418           109019
            ?-?-?     63.369      4.319      8.199            23087
            ?-?-?     63.370      4.319      7.896            10790
            ?-?-?     63.370      4.319      7.745           409069
            ?-?-?     63.370      4.319      2.103            96024
            ?-?-?     63.370      4.319      1.941           273952
            ?-?-?     63.371      4.319      1.803            11094
            ?-?-?     56.688      4.304      1.878          1469137
            ?-?-?     56.412      4.331      7.321            40524
            ?-?-?     56.501      4.337      2.956            29724
            ?-?-?     56.619      4.315      8.387           593042
            ?-?-?     56.437      4.321      8.195           609198
            ?-?-?     56.607      4.313      7.773           451828
            ?-?-?     56.527      4.326      2.097          1528393
            ?-?-?     56.395      4.314      1.632          1243812
            ?-?-?     33.532      2.440      7.768           963106
            ?-?-?     33.532      2.440      7.467           157378
            ?-?-?     33.543      2.438      4.086            74928
            ?-?-?     33.542      2.433      2.095          2398835
            ?-?-?     33.558      2.429      1.646            10746
            ?-?-?     31.007      1.803      8.199          1046425
            ?-?-?     31.023      1.801      7.321           576760
            ?-?-?     30.968      1.806      4.320          1089162
            ?-?-?     31.011      1.803      3.181          1913480
            ?-?-?     30.958      1.809      2.101            60291
            ?-?-?     31.023      1.803      1.628          2233576
            ?-?-?     30.157      1.940      6.773            20411
            ?-?-?     30.154      1.940      2.366          1153137
            ?-?-?     30.154      1.938      2.104           989488
            ?-?-?     30.215      1.905      8.369          1310272
            ?-?-?     30.151      2.101      6.773            18727
            ?-?-?     30.150      2.101      1.941           933618
            ?-?-?     30.265      1.879      8.142           516549
            ?-?-?     30.239      1.882      2.202          2257191
            ?-?-?     36.072      2.203      8.366           888670
            ?-?-?     36.071      2.203      4.296          1009836
            ?-?-?     36.097      2.203      1.884          2245534
            ?-?-?     56.334      4.255      8.143           432535
            ?-?-?     56.392      4.241      4.659            18284
            ?-?-?     56.392      4.248      1.519          1007355
            ?-?-?     30.991      1.520      8.382            21441
            ?-?-?     31.011      1.520      8.213           700762
            ?-?-?     31.008      1.520      7.792            23726
            ?-?-?     31.017      1.520      7.321             9410
            ?-?-?     31.012      1.520      4.659            57848
            ?-?-?     31.011      1.520      4.245           957618
            ?-?-?     31.011      1.520      3.120          1847660
            ?-?-?     31.007      1.520      1.649          2259406
            ?-?-?     43.085      3.124      4.322           433330
            ?-?-?     43.086      3.120      2.093            39179
            ?-?-?     57.801      4.658      7.992           128701
            ?-?-?     57.799      4.658      1.929            12526
            ?-?-?     39.565      2.961      8.228            91420
            ?-?-?     39.591      2.960      4.659           599934
            ?-?-?     39.588      2.958      3.189           929000
            ?-?-?     31.063      1.651      7.994            50368
            ?-?-?     31.040      1.651      4.416           767296
            ?-?-?     31.003      1.651      3.210           878916
            ?-?-?     31.044      1.652      1.784          1217718
            ?-?-?     31.036      1.930      4.659            12428
            ?-?-?     31.019      1.930      4.414           240575
            ?-?-?     31.037      1.929      3.210          1032870
            ?-?-?     31.030      1.928      1.786          1133804
