      Assignment         w1         w2         w3   Data Height

            ?-?-?    119.559      8.149      8.147          1826920
            ?-?-?    121.567      8.086      8.091          1097555
            ?-?-?    118.264      7.332      7.331           978024
            ?-?-?    119.105      7.695      7.696           999143
            ?-?-?    119.913      8.628      8.627           944344
            ?-?-?    117.741      8.239      8.238           960793
            ?-?-?    110.671      7.455      7.454           943663
            ?-?-?    121.161      8.461      8.456          2044969
            ?-?-?    125.299      8.618      8.619           907973
            ?-?-?    120.130      7.313      7.314           913749
            ?-?-?    120.263      7.697      7.697          1220731
            ?-?-?    120.770      8.823      8.822           905451
            ?-?-?    118.401      8.017      8.017           888542
            ?-?-?    120.950      7.575      7.576           910487
            ?-?-?    121.464      8.611      8.612          1404477
            ?-?-?    118.387      8.430      8.430           980403
            ?-?-?    123.377      7.723      7.722           975303
            ?-?-?    119.047      8.337      8.336           958312
            ?-?-?    123.284      8.950      8.949           842511
            ?-?-?    120.462      8.441      8.440          1423914
            ?-?-?    118.215      8.641      8.641           977185
            ?-?-?    120.663      8.536      8.536           981105
            ?-?-?    120.662      6.746      6.745           972293
            ?-?-?    120.885      7.994      7.995          1187702
            ?-?-?    121.703      7.701      7.701          1580969
            ?-?-?    115.392      8.173      8.172           891816
            ?-?-?    118.947      8.449      8.458          1498958
            ?-?-?    112.158      6.717      6.717           921221
            ?-?-?    117.650      7.771      7.771           906556
            ?-?-?    120.374      7.897      7.898           925473
            ?-?-?    108.632      7.739      7.748          1169001
            ?-?-?    121.670      7.761      7.753          1289014
            ?-?-?    112.050      7.467      7.467           997333
            ?-?-?    121.775      8.210      8.213          1212426
            ?-?-?    122.621      8.424      8.415          1016767
            ?-?-?    121.709      8.145      8.147          1082081
            ?-?-?    130.322      7.792      7.792           934092
            ?-?-?    119.924      8.144      7.318            38132
            ?-?-?    119.935      8.144      7.077           571782
            ?-?-?    119.935      8.144      4.570           961240
            ?-?-?    119.794      8.148      3.979           616261
            ?-?-?    119.935      8.144      3.021           962560
            ?-?-?    119.921      8.144      2.854           110489
            ?-?-?    119.923      8.145      2.478            31333
            ?-?-?    119.888      8.143      1.303            22413
            ?-?-?    119.937      8.144      1.071            10598
            ?-?-?    121.561      8.082      7.077            17158
            ?-?-?    121.561      8.082      4.570            77676
            ?-?-?    121.549      8.077      3.979            91780
            ?-?-?    121.561      8.082      3.021           324737
            ?-?-?    121.559      8.081      2.855           100984
            ?-?-?    121.554      8.082      2.720            11036
            ?-?-?    121.553      8.081      2.475            22700
            ?-?-?    118.264      7.332      8.082           401800
            ?-?-?    118.264      7.332      7.696           494303
            ?-?-?    118.264      7.332      4.013           396185
            ?-?-?    118.264      7.332      3.470           108100
            ?-?-?    118.264      7.332      1.722          1571859
            ?-?-?    118.263      7.332      1.440            29875
            ?-?-?    118.264      7.332      1.310            54313
            ?-?-?    118.264      7.332      1.071           847611
            ?-?-?    118.264      7.332      0.898            18795
            ?-?-?    118.264      7.332      0.348            93136
            ?-?-?    119.089      7.695      8.627           517258
            ?-?-?    119.103      7.695      7.331           486889
            ?-?-?    119.091      7.695      4.476            11341
            ?-?-?    119.090      7.695      4.002           533814
            ?-?-?    119.088      7.695      3.475            53929
            ?-?-?    119.088      7.695      1.723          1058333
            ?-?-?    119.088      7.695      1.441            45190
            ?-?-?    119.088      7.695      1.304          1438829
            ?-?-?    119.913      8.628      8.238           319901
            ?-?-?    119.913      8.628      7.696           493883
            ?-?-?    119.913      8.628      7.081            49875
            ?-?-?    119.914      8.628      4.476           337664
            ?-?-?    119.913      8.628      3.997           163490
            ?-?-?    119.913      8.628      3.478          1360124
            ?-?-?    119.917      8.628      2.677            16134
            ?-?-?    119.912      8.628      2.217            29215
            ?-?-?    119.913      8.628      1.447            61971
            ?-?-?    119.913      8.628      1.303           994075
            ?-?-?    119.912      8.629      0.348             9562
            ?-?-?    117.741      8.239      8.626           346100
            ?-?-?    117.741      8.239      8.121           512585
            ?-?-?    117.741      8.239      7.082            87194
            ?-?-?    117.742      8.239      4.476            84696
            ?-?-?    117.741      8.239      3.485           832318
            ?-?-?    117.741      8.239      2.677           965756
            ?-?-?    117.741      8.239      2.213          1038429
            ?-?-?    117.741      8.239      1.948            91283
            ?-?-?    119.136      8.119      7.314            20113
            ?-?-?    119.103      8.119      1.307            39655
            ?-?-?    110.671      7.455      2.572            84773
            ?-?-?    110.671      7.455      2.299            74032
            ?-?-?    121.118      8.470      7.691           438193
            ?-?-?    121.158      8.471      3.752            27935
            ?-?-?    121.196      8.438      8.619           576319
            ?-?-?    121.196      8.438      8.121           605579
            ?-?-?    121.191      8.446      4.082           498352
            ?-?-?    121.193      8.452      2.585            22387
            ?-?-?    121.210      8.438      2.221           611185
            ?-?-?    121.205      8.438      2.093           989021
            ?-?-?    121.195      8.450      1.527          1262851
            ?-?-?    121.210      8.438      1.250            21708
            ?-?-?    125.299      8.618      8.236            17130
            ?-?-?    125.299      8.618      7.704            36283
            ?-?-?    125.299      8.618      4.476            32060
            ?-?-?    125.299      8.618      3.546           114892
            ?-?-?    125.299      8.618      1.949            10696
            ?-?-?    120.130      7.313      8.118            19402
            ?-?-?    120.128      7.313      2.865            10977
            ?-?-?    120.315      7.687      8.607            53285
            ?-?-?    120.511      7.686      4.455           102927
            ?-?-?    120.493      7.686      1.719            28644
            ?-?-?    119.952      7.702      7.314           471631
            ?-?-?    120.770      8.823      8.017           331181
            ?-?-?    120.770      8.823      7.704           407525
            ?-?-?    120.770      8.823      7.580            36862
            ?-?-?    120.770      8.823      4.320           339507
            ?-?-?    120.770      8.823      4.077           132743
            ?-?-?    120.770      8.823      3.196           806813
            ?-?-?    120.770      8.823      2.865           497892
            ?-?-?    120.769      8.823      2.371            79393
            ?-?-?    120.770      8.823      2.191           741540
            ?-?-?    118.401      8.017      8.822           330111
            ?-?-?    118.401      8.017      7.576           549562
            ?-?-?    118.401      8.017      4.320            78559
            ?-?-?    118.401      8.018      4.172           119131
            ?-?-?    118.401      8.017      3.955           334495
            ?-?-?    118.401      8.017      3.196            50449
            ?-?-?    118.401      8.017      2.865           548607
            ?-?-?    118.401      8.017      2.433           697024
            ?-?-?    118.401      8.017      2.145           975052
            ?-?-?    118.400      8.018      2.010            28748
            ?-?-?    120.949      7.575      8.822            37218
            ?-?-?    120.950      7.575      8.017           568690
            ?-?-?    120.950      7.575      3.959            92634
            ?-?-?    120.950      7.575      2.864            14894
            ?-?-?    120.949      7.575      2.376            30014
            ?-?-?    120.950      7.575      2.145           511851
            ?-?-?    121.477      8.609      7.703            62096
            ?-?-?    121.562      8.604      4.007           473658
            ?-?-?    121.568      8.604      2.192           668304
            ?-?-?    121.565      8.601      1.532            25010
            ?-?-?    121.252      8.630      1.425            88891
            ?-?-?    118.263      8.429      8.629           474511
            ?-?-?    118.265      8.429      4.124            99250
            ?-?-?    118.290      8.429      1.610            62696
            ?-?-?    118.261      8.429      1.234           475898
            ?-?-?    123.378      7.723      7.579            18486
            ?-?-?    123.377      7.723      4.150           126669
            ?-?-?    119.047      8.337      8.949           627311
            ?-?-?    119.045      8.338      7.722           513574
            ?-?-?    119.047      8.337      4.213           390575
            ?-?-?    119.047      8.337      2.612            70254
            ?-?-?    119.047      8.337      2.326           802526
            ?-?-?    119.047      8.337      2.127          1049032
            ?-?-?    118.975      8.351      1.855            37913
            ?-?-?    119.038      8.348      1.635            16868
            ?-?-?    123.284      8.950      8.336           545580
            ?-?-?    123.284      8.950      8.142           429321
            ?-?-?    123.284      8.950      4.215            95869
            ?-?-?    123.284      8.950      3.999           295894
            ?-?-?    123.285      8.950      3.502            11353
            ?-?-?    123.283      8.950      3.309            15492
            ?-?-?    123.286      8.950      2.612            12345
            ?-?-?    123.285      8.950      2.326            23652
            ?-?-?    123.284      8.950      2.127           575746
            ?-?-?    123.284      8.950      1.849           917853
            ?-?-?    123.284      8.950      1.635           431065
            ?-?-?    119.393      8.180      7.685           551225
            ?-?-?    119.374      8.172      4.458            45558
            ?-?-?    119.391      8.180      1.933          1054626
            ?-?-?    120.413      8.452      3.938           344657
            ?-?-?    120.457      8.451      1.630            88394
            ?-?-?    120.333      8.413      8.641           547449
            ?-?-?    118.214      8.641      7.707            19744
            ?-?-?    118.217      8.641      4.465            11817
            ?-?-?    120.667      8.538      8.639           621509
            ?-?-?    120.663      8.536      8.021           463837
            ?-?-?    120.661      8.537      6.745            25289
            ?-?-?    120.660      8.533      4.465           343698
            ?-?-?    120.661      8.537      2.923           983925
            ?-?-?    120.665      8.535      2.663            89977
            ?-?-?    120.671      8.535      2.298            19069
            ?-?-?    120.660      6.746      8.536            25321
            ?-?-?    120.662      6.746      4.465            22657
            ?-?-?    120.662      6.746      2.923           100302
            ?-?-?    120.662      6.746      2.662            65058
            ?-?-?    120.939      7.990      8.600           551219
            ?-?-?    120.914      7.990      7.766           523487
            ?-?-?    120.953      7.988      3.986           457687
            ?-?-?    120.946      7.989      2.369          1419515
            ?-?-?    120.950      7.988      1.883           837824
            ?-?-?    120.953      7.988      1.533            66601
            ?-?-?    120.631      8.020      4.316           157635
            ?-?-?    120.631      8.021      2.923           420695
            ?-?-?    120.662      8.017      2.309           889013
            ?-?-?    120.637      8.020      2.149          1068103
            ?-?-?    121.880      7.706      8.639            17739
            ?-?-?    121.885      7.706      2.921            11655
            ?-?-?    121.689      7.698      1.465            23233
            ?-?-?    121.545      7.692      4.455           380281
            ?-?-?    115.392      8.173      8.454           503108
            ?-?-?    115.392      8.173      7.692           438241
            ?-?-?    115.393      8.173      4.463            51955
            ?-?-?    115.392      8.173      4.304           628465
            ?-?-?    115.392      8.173      3.937            92654
            ?-?-?    115.392      8.173      3.752           331937
            ?-?-?    115.391      8.173      2.751            26645
            ?-?-?    115.392      8.173      1.945           538812
            ?-?-?    115.392      8.173      1.634           113527
            ?-?-?    115.392      8.173      1.455            29072
            ?-?-?    112.158      6.717      2.192            39167
            ?-?-?    117.651      7.771      7.984           441653
            ?-?-?    117.650      7.771      7.902           478575
            ?-?-?    117.650      7.771      4.086           316270
            ?-?-?    117.650      7.771      3.990           207409
            ?-?-?    117.652      7.771      2.943            15498
            ?-?-?    117.650      7.771      2.371           725596
            ?-?-?    117.651      7.771      2.168            80139
            ?-?-?    117.650      7.771      1.881           973320
            ?-?-?    117.650      7.771      1.592            54331
            ?-?-?    117.650      7.771      1.458           818359
            ?-?-?    120.375      7.897      7.757           898527
            ?-?-?    120.374      7.897      4.255           328673
            ?-?-?    120.376      7.898      1.881           702659
            ?-?-?    120.374      7.897      1.601            22028
            ?-?-?    120.376      7.897      1.460            41494
            ?-?-?    108.633      7.739      8.426            16528
            ?-?-?    108.631      7.739      2.151            19978
            ?-?-?    108.634      7.739      1.873            13293
            ?-?-?    121.660      7.752      1.899            28244
            ?-?-?    112.050      7.467      4.087            17852
            ?-?-?    121.972      8.196      4.319           532346
            ?-?-?    121.953      8.188      1.632          1033498
            ?-?-?    122.655      8.426      2.102           664975
            ?-?-?    122.643      8.425      1.628            37756
            ?-?-?    122.566      8.421      1.523            13170
            ?-?-?    122.018      8.368      8.144           402716
            ?-?-?    122.013      8.368      2.202           935513
            ?-?-?    122.023      8.368      1.898          1264254
            ?-?-?    130.321      7.792      7.992            48051
            ?-?-?    130.322      7.792      2.959            84612
            ?-?-?    130.322      7.792      2.366            34832
            ?-?-?    119.519      8.143      8.949           474582
            ?-?-?    119.519      8.143      4.315           363514
            ?-?-?    119.497      8.151      3.874            60367
            ?-?-?    119.505      8.143      3.502           625335
            ?-?-?    119.519      8.143      3.309           685006
            ?-?-?    119.511      8.145      1.854           689850
            ?-?-?    121.507      8.078      7.697            36403
            ?-?-?    121.561      8.082      7.331           383917
            ?-?-?    121.561      8.082      3.470           350825
            ?-?-?    121.562      8.082      1.315            25817
            ?-?-?    121.561      8.082      1.071           539464
            ?-?-?    121.560      8.082      0.898            14727
            ?-?-?    121.561      8.082      0.348            49743
            ?-?-?    118.264      7.332      8.627            42539
            ?-?-?    118.264      7.332      8.233            20858
            ?-?-?    118.263      7.332      4.570            23914
            ?-?-?    118.263      7.331      3.020            10848
            ?-?-?    118.264      7.332      2.704            25703
            ?-?-?    118.264      7.332      2.476           121374
            ?-?-?    118.264      7.332      2.213            11904
            ?-?-?    119.089      7.695      8.236            35630
            ?-?-?    119.088      7.695      8.104            56393
            ?-?-?    119.111      7.696      2.855            10754
            ?-?-?    119.089      7.695      2.677            12404
            ?-?-?    119.088      7.695      2.476            40666
            ?-?-?    119.142      7.695      2.294            14855
            ?-?-?    119.089      7.696      1.071            15387
            ?-?-?    119.921      8.628      8.438            15964
            ?-?-?    119.913      8.628      8.110            50758
            ?-?-?    119.913      8.628      7.331            39827
            ?-?-?    119.919      8.627      2.855            20163
            ?-?-?    119.914      8.628      2.094             9899
            ?-?-?    119.913      8.628      1.723            16170
            ?-?-?    119.918      8.628      1.071             9606
            ?-?-?    117.741      8.239      8.437            32906
            ?-?-?    117.742      8.239      7.696            34262
            ?-?-?    117.741      8.239      7.331            19381
            ?-?-?    117.741      8.239      4.013           159915
            ?-?-?    117.739      8.239      1.723             9963
            ?-?-?    117.741      8.239      1.429            19574
            ?-?-?    117.742      8.239      1.298            28018
            ?-?-?    117.741      8.239      0.348            40974
            ?-?-?    119.246      8.164      2.206          1144228
            ?-?-?    119.185      8.123      8.434           666528
            ?-?-?    119.119      8.125      8.231           559020
            ?-?-?    119.095      8.120      4.119           341301
            ?-?-?    119.099      8.121      2.675           361048
            ?-?-?    119.100      8.121      1.543            24977
            ?-?-?    119.104      8.123      1.445            26906
            ?-?-?    110.670      7.455      4.004            16943
            ?-?-?    110.671      7.455      2.899           789262
            ?-?-?    110.671      7.455      1.664            55542
            ?-?-?    110.671      7.455      1.437            18474
            ?-?-?    110.671      7.455      1.318           115901
            ?-?-?    121.172      8.460      4.048           429430
            ?-?-?    121.168      8.471      2.753           623662
            ?-?-?    121.170      8.471      1.825           490255
            ?-?-?    121.210      8.438      7.314            41629
            ?-?-?    121.154      8.453      4.468           169525
            ?-?-?    121.197      8.438      3.546            27840
            ?-?-?    125.300      8.618      8.822            19699
            ?-?-?    125.299      8.618      8.437           512016
            ?-?-?    125.299      8.618      8.120            41617
            ?-?-?    125.299      8.618      7.314           555392
            ?-?-?    125.299      8.618      4.097           105587
            ?-?-?    125.299      8.618      3.918           326902
            ?-?-?    125.301      8.618      3.196             9914
            ?-?-?    125.299      8.618      2.865            10057
            ?-?-?    125.299      8.618      2.093           380939
            ?-?-?    125.299      8.618      1.420           517525
            ?-?-?    125.299      8.618      1.250           908637
            ?-?-?    120.129      7.313      8.822            38604
            ?-?-?    120.130      7.313      8.619           569272
            ?-?-?    120.131      7.313      8.437            39337
            ?-?-?    120.128      7.313      8.019            18552
            ?-?-?    120.130      7.313      7.704           482173
            ?-?-?    120.130      7.313      4.166           357576
            ?-?-?    120.130      7.313      3.918            99010
            ?-?-?    120.130      7.313      3.546            43775
            ?-?-?    120.130      7.313      2.433            11196
            ?-?-?    120.130      7.313      2.192            40736
            ?-?-?    120.130      7.313      1.948            15699
            ?-?-?    120.130      7.313      1.522           113750
            ?-?-?    120.130      7.313      1.250           572317
            ?-?-?    120.494      7.686      8.451           416424
            ?-?-?    120.500      7.686      8.181           521049
            ?-?-?    120.446      7.688      4.178           366940
            ?-?-?    120.472      7.687      3.877            90226
            ?-?-?    120.508      7.686      3.753            33553
            ?-?-?    120.498      7.686      2.598            20812
            ?-?-?    120.497      7.686      1.933          1905268
            ?-?-?    120.501      7.686      1.488            13699
            ?-?-?    120.496      7.686      1.374            35183
            ?-?-?    120.101      7.698      8.011            36230
            ?-?-?    119.977      7.703      8.822           409384
            ?-?-?    119.979      7.703      4.320             9961
            ?-?-?    119.981      7.703      4.077           433816
            ?-?-?    119.977      7.703      3.197            13013
            ?-?-?    119.959      7.703      2.865            13409
            ?-?-?    120.008      7.702      2.368            48276
            ?-?-?    119.979      7.703      2.192          1243418
            ?-?-?    120.769      8.823      8.624            36134
            ?-?-?    120.770      8.823      7.314            36707
            ?-?-?    120.770      8.823      3.920           109243
            ?-?-?    120.769      8.823      2.007            10542
            ?-?-?    120.772      8.823      1.876             9719
            ?-?-?    120.769      8.823      1.522            10326
            ?-?-?    120.769      8.824      1.234            11113
            ?-?-?    118.404      8.019      8.629            32216
            ?-?-?    118.400      8.018      7.697            33363
            ?-?-?    118.404      8.018      7.314            17412
            ?-?-?    118.405      8.017      1.859            11462
            ?-?-?    118.405      8.018      1.585            14086
            ?-?-?    118.404      8.018      1.528            16381
            ?-?-?    118.400      8.018      1.369            11528
            ?-?-?    118.402      8.018      1.233            10370
            ?-?-?    120.950      7.575      8.629           426240
            ?-?-?    120.949      7.575      4.149           358870
            ?-?-?    120.950      7.575      2.006          1225126
            ?-?-?    120.949      7.575      1.689            29151
            ?-?-?    120.949      7.575      1.429            47239
            ?-?-?    120.948      7.575      1.234            17707
            ?-?-?    121.570      8.603      8.181           478695
            ?-?-?    121.561      8.604      7.990           532155
            ?-?-?    121.553      8.605      3.876           109956
            ?-?-?    121.568      8.603      2.598            27363
            ?-?-?    121.434      8.613      2.364            70210
            ?-?-?    121.502      8.609      1.882          1753552
            ?-?-?    121.252      8.631      8.822            18172
            ?-?-?    121.255      8.630      8.428           507192
            ?-?-?    121.252      8.630      7.576           443619
            ?-?-?    121.250      8.630      4.320           118369
            ?-?-?    121.254      8.630      4.122           416716
            ?-?-?    121.253      8.630      2.006           764886
            ?-?-?    121.252      8.630      1.689            18472
            ?-?-?    121.252      8.630      1.234          1043169
            ?-?-?    118.261      8.429      8.017            17720
            ?-?-?    118.287      8.429      7.721           543112
            ?-?-?    118.269      8.429      7.577            37186
            ?-?-?    118.260      8.429      4.317            42907
            ?-?-?    118.357      8.430      3.863           345485
            ?-?-?    118.260      8.429      2.888            18757
            ?-?-?    118.275      8.429      1.859           950950
            ?-?-?    118.281      8.429      1.717            85649
            ?-?-?    118.359      8.430      1.369           824502
            ?-?-?    123.377      7.723      8.949            43749
            ?-?-?    123.378      7.723      8.629            40733
            ?-?-?    123.377      7.723      8.425           599034
            ?-?-?    123.377      7.723      8.340           545367
            ?-?-?    123.378      7.723      8.142            20231
            ?-?-?    123.377      7.723      4.252           339458
            ?-?-?    123.378      7.723      3.946            46842
            ?-?-?    123.377      7.723      3.862           100322
            ?-?-?    123.377      7.723      3.310            11606
            ?-?-?    123.378      7.723      2.326            21046
            ?-?-?    123.376      7.723      2.135            33747
            ?-?-?    123.377      7.723      1.858           584323
            ?-?-?    123.377      7.723      1.718           104367
            ?-?-?    123.377      7.723      1.373            44471
            ?-?-?    123.378      7.723      1.235            13960
            ?-?-?    118.982      8.342      8.629            20677
            ?-?-?    119.047      8.338      8.142            41717
            ?-?-?    119.052      8.337      3.310            13355
            ?-?-?    119.052      8.338      2.813            11843
            ?-?-?    118.988      8.340      1.234            22675
            ?-?-?    123.286      8.950      8.642            16209
            ?-?-?    123.284      8.950      7.722            36516
            ?-?-?    123.284      8.950      4.125            54251
            ?-?-?    123.284      8.950      3.861            96009
            ?-?-?    123.282      8.949      2.814             9984
            ?-?-?    123.283      8.950      1.234            18066
            ?-?-?    119.388      8.178      8.604           506267
            ?-?-?    119.406      8.180      7.992            39539
            ?-?-?    119.388      8.180      2.598           949050
            ?-?-?    119.404      8.177      1.728            83412
            ?-?-?    120.392      8.441      8.162           687327
            ?-?-?    120.424      8.452      7.706           577141
            ?-?-?    120.399      8.452      2.431            40101
            ?-?-?    120.415      8.451      2.150           662210
            ?-?-?    120.403      8.452      1.945           950099
            ?-?-?    120.425      8.452      1.447           593367
            ?-?-?    120.319      8.412      8.949            35234
            ?-?-?    120.321      8.413      4.316           415947
            ?-?-?    120.324      8.415      4.226           175610
            ?-?-?    120.324      8.412      3.502            51144
            ?-?-?    120.319      8.412      3.309           695064
            ?-?-?    120.320      8.413      2.814           995559
            ?-?-?    118.216      8.641      8.949            18611
            ?-?-?    118.215      8.641      8.538           600588
            ?-?-?    118.215      8.641      8.413           568675
            ?-?-?    118.215      8.641      8.141            34371
            ?-?-?    118.215      8.641      8.021            39113
            ?-?-?    118.215      8.641      4.317           121127
            ?-?-?    118.215      8.641      4.209            55113
            ?-?-?    118.215      8.641      4.090           341146
            ?-?-?    118.214      8.641      3.309            15501
            ?-?-?    118.215      8.641      2.814           657355
            ?-?-?    118.217      8.641      2.431            12239
            ?-?-?    118.215      8.641      2.140            42571
            ?-?-?    118.216      8.641      1.849            10618
            ?-?-?    120.665      8.535      4.319           113483
            ?-?-?    120.662      6.746      4.319            23091
            ?-?-?    120.660      6.745      3.999            17289
            ?-?-?    120.662      6.746      1.849           128727
            ?-?-?    120.912      7.995      8.180            44939
            ?-?-?    120.663      8.017      8.545           501370
            ?-?-?    120.666      8.016      7.715           531621
            ?-?-?    120.631      8.020      4.465            88260
            ?-?-?    120.669      8.017      4.195           404410
            ?-?-?    120.631      8.021      2.662           103816
            ?-?-?    120.632      8.021      2.512            90797
            ?-?-?    121.804      7.738      2.435          1213888
            ?-?-?    121.852      7.713      2.144          1509506
            ?-?-?    121.735      7.700      8.459           805040
            ?-?-?    121.883      7.706      8.021           413627
            ?-?-?    121.824      7.707      4.091           500548
            ?-?-?    121.547      7.699      8.173           487683
            ?-?-?    121.547      7.697      4.305           946857
            ?-?-?    121.618      7.699      3.940            30310
            ?-?-?    121.531      7.691      3.752            95454
            ?-?-?    121.536      7.691      2.753          1375560
            ?-?-?    115.392      8.173      8.022            17364
            ?-?-?    115.392      8.173      4.099            27479
            ?-?-?    115.393      8.173      2.677            16552
            ?-?-?    115.391      8.173      2.150            22445
            ?-?-?    118.972      8.448      8.178            48976
            ?-?-?    118.972      8.449      4.455            23405
            ?-?-?    118.960      8.448      4.030            93632
            ?-?-?    118.969      8.449      3.753            93518
            ?-?-?    118.973      8.448      2.753            13970
            ?-?-?    118.964      8.449      1.930          1109242
            ?-?-?    118.970      8.449      1.489           572968
            ?-?-?    118.912      8.446      1.665            68837
            ?-?-?    112.157      6.717      4.032            17125
            ?-?-?    112.161      6.716      2.753            11414
            ?-?-?    112.158      6.717      2.598            89194
            ?-?-?    112.158      6.717      2.351            66140
            ?-?-?    112.165      6.717      1.825             9485
            ?-?-?    117.650      7.771      8.603            32964
            ?-?-?    117.647      7.771      8.181            16914
            ?-?-?    117.649      7.772      1.728            25372
            ?-?-?    120.377      7.899      8.199            15463
            ?-?-?    120.378      7.899      4.003           170469
            ?-?-?    120.376      7.896      3.181            11945
            ?-?-?    108.630      7.739      8.199            28087
            ?-?-?    108.632      7.739      7.898           419968
            ?-?-?    108.632      7.739      4.317           334257
            ?-?-?    108.632      7.739      3.988           131894
            ?-?-?    108.633      7.739      2.434            18337
            ?-?-?    108.632      7.739      1.822            11763
            ?-?-?    108.633      7.739      1.535            23586
            ?-?-?    121.656      7.767      1.628            16234
            ?-?-?    112.050      7.467      2.440           166933
            ?-?-?    112.050      7.467      2.164           215188
            ?-?-?    112.050      7.466      1.458            10955
            ?-?-?    122.044      8.198      8.424           576685
            ?-?-?    122.053      8.200      4.087            33256
            ?-?-?    122.047      8.200      2.440            35000
            ?-?-?    122.052      8.199      2.093           578499
            ?-?-?    122.050      8.199      1.802           997994
            ?-?-?    121.797      8.216      7.781           557243
            ?-?-?    122.662      8.426      7.321             8790
            ?-?-?    122.650      8.425      8.198           551885
            ?-?-?    122.633      8.424      7.761            50589
            ?-?-?    122.610      8.423      4.328           515894
            ?-?-?    122.640      8.425      3.185            25253
            ?-?-?    122.554      8.421      2.366            48588
            ?-?-?    122.514      8.420      1.939           512318
            ?-?-?    122.656      8.426      1.803           676296
            ?-?-?    121.741      8.154      8.374           433652
            ?-?-?    121.721      8.151      4.258           421706
            ?-?-?    121.717      8.147      2.190            35573
            ?-?-?    121.706      8.145      1.877           538043
            ?-?-?    121.689      8.147      1.519          1046916
            ?-?-?    121.557      8.229      7.993            14424
            ?-?-?    121.551      8.225      7.321            12418
            ?-?-?    121.553      8.230      4.659           316823
            ?-?-?    121.563      8.229      3.189           883637
            ?-?-?    121.553      8.230      2.959            84831
            ?-?-?    121.624      8.228      2.373            10320
            ?-?-?    130.319      7.792      8.362            17363
            ?-?-?    130.322      7.792      8.230           463867
            ?-?-?    130.322      7.792      4.659            81841
            ?-?-?    130.322      7.792      4.295           146915
            ?-?-?    130.322      7.792      3.189           314995
            ?-?-?    130.321      7.792      1.915            25394
            ?-?-?    130.320      7.792      1.786            27667
            ?-?-?    130.322      7.792      1.519            23736
