      Assignment         w1         w2         w3   Data Height

                  H21N-H-H     119.559      8.149      8.147          1826920
                   K3N-H-H     121.567      8.086      8.091          1097555
                   K4N-H-H     118.264      7.332      7.331           978024
                   L5N-H-H     119.105      7.695      7.696           999143
                   Y6N-H-H     119.913      8.628      8.627           944344
                   E7N-H-H     117.741      8.239      8.238           960793
           Q8NE2-HE22-HE22     110.671      7.455      7.454           943663
                  L30N-H-H     121.161      8.461      8.456          2044969
                  L10N-H-H     125.299      8.618      8.619           907973
                  A11N-H-H     120.130      7.313      7.314           913749
                  E12N-H-H     120.263      7.697      7.697          1220731
                  N13N-H-H     120.770      8.823      8.822           905451
                  E14N-H-H     118.401      8.017      8.017           888542
                  K15N-H-H     120.950      7.575      7.576           910487
                  L34N-H-H     121.464      8.611      8.612          1404477
                  K17N-H-H     118.387      8.430      8.430           980403
                  A18N-H-H     123.377      7.723      7.722           975303
                  Q19N-H-H     119.047      8.337      8.336           958312
                  L20N-H-H     123.284      8.950      8.949           842511
                  L27N-H-H     120.462      8.441      8.440          1423914
                  T23N-H-H     118.215      8.641      8.641           977185
                  N24N-H-H     120.663      8.536      8.536           981105
          N24ND2-HD22-HD22     120.662      6.746      6.745           972293
                  E35N-H-H     120.885      7.994      7.995          1187702
                  E26N-H-H     121.703      7.701      7.701          1580969
                  T28N-H-H     115.392      8.173      8.172           891816
                  K31N-H-H     118.947      8.449      8.458          1498958
          Q33NE2-HE22-HE22     112.158      6.717      6.717           921221
                  K36N-H-H     117.650      7.771      7.771           906556
                  A37N-H-H     120.374      7.897      7.898           925473
            T38N-T38H-Q39H     108.632      7.739      7.748          1169001
            Q39N-Q39H-T38H     121.670      7.761      7.753          1289014
          Q39NE2-HE22-HE22     112.050      7.467      7.467           997333
                  R40N-H-H     121.775      8.210      8.213          1212426
                  Q41N-H-H     122.621      8.424      8.415          1016767
                  R43N-H-H     121.709      8.145      8.147          1082081
                  A45N-H-H     130.322      7.792      7.792           934092
               F2N-F2H-K4H     119.924      8.144      7.318            38132
              F2N-F2H-F2HD     119.935      8.144      7.077           571782
              F2N-F2H-D1HA     119.935      8.144      4.570           961240
              F2N-F2H-F2HA     119.794      8.148      3.979           616261
             F2N-F2H-F2HB3     119.935      8.144      3.021           962560
             F2N-F2H-F2HB2     119.921      8.144      2.854           110489
                     ?-?-?     119.923      8.145      2.478            31333
             F2N-F2H-L5HB3     119.888      8.143      1.303            22413
             F2N-F2H-K3HB2     119.937      8.144      1.071            10598
              K3N-K3H-Y6HD     121.561      8.082      7.077            17158
              K3N-K3H-D1HA     121.561      8.082      4.570            77676
              K3N-K3H-F2HA     121.549      8.077      3.979            91780
             K3N-K3H-F2HB3     121.561      8.082      3.021           324737
             K3N-K3H-F2HB2     121.559      8.081      2.855           100984
             K3N-K3H-D1HB3     121.554      8.082      2.720            11036
             K3N-K3H-D1HB2     121.553      8.081      2.475            22700
               K4N-K4H-K3H     118.264      7.332      8.082           401800
               K4N-K4H-L5H     118.264      7.332      7.696           494303
              K4N-K4H-K4HA     118.264      7.332      4.013           396185
              K4N-K4H-K3HA     118.264      7.332      3.470           108100
             K4N-K4H-K4HB3     118.264      7.332      1.722          1571859
                     ?-?-?     118.263      7.332      1.440            29875
             K4N-K4H-K4HG3     118.264      7.332      1.310            54313
             K4N-K4H-K3HB2     118.264      7.332      1.071           847611
                     ?-?-?     118.264      7.332      0.898            18795
                     ?-?-?     118.264      7.332      0.348            93136
               L5N-L5H-Y6H     119.089      7.695      8.627           517258
               L5N-L5H-K4H     119.103      7.695      7.331           486889
                     ?-?-?     119.091      7.695      4.476            11341
              L5N-L5H-L5HA     119.090      7.695      4.002           533814
             L5N-L5H-Y6HB2     119.088      7.695      3.475            53929
             L5N-L5H-K4HB3     119.088      7.695      1.723          1058333
                     ?-?-?     119.088      7.695      1.441            45190
             L5N-L5H-L5HB2     119.088      7.695      1.304          1438829
               Y6N-Y6H-E7H     119.913      8.628      8.238           319901
               Y6N-Y6H-L5H     119.913      8.628      7.696           493883
                     ?-?-?     119.913      8.628      7.081            49875
              Y6N-Y6H-Y6HA     119.914      8.628      4.476           337664
              Y6N-Y6H-L5HA     119.913      8.628      3.997           163490
             Y6N-Y6H-Y6HB2     119.913      8.628      3.478          1360124
                     ?-?-?     119.917      8.628      2.677            16134
                     ?-?-?     119.912      8.628      2.217            29215
              Y6N-Y6H-L5HG     119.913      8.628      1.447            61971
                     ?-?-?     119.913      8.628      1.303           994075
             Y6N-Y6H-K3HG3     119.912      8.629      0.348             9562
               E7N-E7H-Y6H     117.741      8.239      8.626           346100
               E7N-E7H-Q8H     117.741      8.239      8.121           512585
              E7N-E7H-Y6HD     117.741      8.239      7.082            87194
              E7N-E7H-Y6HA     117.742      8.239      4.476            84696
             E7N-E7H-Y6HB3     117.741      8.239      3.485           832318
             E7N-E7H-E7HB3     117.741      8.239      2.677           965756
             E7N-E7H-E7HG2     117.741      8.239      2.213          1038429
             E7N-E7H-E7HB2     117.741      8.239      1.948            91283
              Q8N-Q8H-A11H     119.136      8.119      7.314            20113
             Q8N-Q8H-L5HB2     119.103      8.119      1.307            39655
                     ?-?-?     110.671      7.455      2.572            84773
                     ?-?-?     110.671      7.455      2.299            74032
            L30N-L30H-D29H     121.118      8.470      7.691           438193
           L30N-L30H-T28HA     121.158      8.471      3.752            27935
              I9N-I9H-L10H     121.196      8.438      8.619           576319
               I9N-I9H-Q8H     121.196      8.438      8.121           605579
              I9N-I9H-I9HA     121.191      8.446      4.082           498352
          L30N-L30H-Q33HG2     121.193      8.452      2.585            22387
             I9N-I9H-Q8HB3     121.210      8.438      2.221           611185
              I9N-I9H-I9HB     121.205      8.438      2.093           989021
            I9N-I9H-I9HG12     121.195      8.450      1.527          1262851
                     ?-?-?     121.210      8.438      1.250            21708
             L10N-L10H-E7H     125.299      8.618      8.236            17130
            L10N-L10H-E12H     125.299      8.618      7.704            36283
            L10N-L10H-Y6HA     125.299      8.618      4.476            32060
            L10N-L10H-E7HA     125.299      8.618      3.546           114892
           L10N-L10H-E7HB2     125.299      8.618      1.949            10696
             A11N-A11H-Q8H     120.130      7.313      8.118            19402
          A11N-A11H-N13HB2     120.128      7.313      2.865            10977
            L32N-L32H-L34H     120.315      7.687      8.607            53285
           L32N-L32H-D29HA     120.511      7.686      4.455           102927
           L32N-L32H-L32HG     120.493      7.686      1.719            28644
            E12N-E12H-A11H     119.952      7.702      7.314           471631
            N13N-N13H-E14H     120.770      8.823      8.017           331181
            N13N-N13H-E12H     120.770      8.823      7.704           407525
            N13N-N13H-K15H     120.770      8.823      7.580            36862
           N13N-N13H-N13HA     120.770      8.823      4.320           339507
           N13N-N13H-E12HA     120.770      8.823      4.077           132743
          N13N-N13H-N13HB3     120.770      8.823      3.196           806813
          N13N-N13H-N13HB2     120.770      8.823      2.865           497892
          N13N-N13H-E12HG2     120.769      8.823      2.371            79393
          N13N-N13H-E12HB2     120.770      8.823      2.191           741540
            E14N-E14H-N13H     118.401      8.017      8.822           330111
            E14N-E14H-K15H     118.401      8.017      7.576           549562
           E14N-E14H-N13HA     118.401      8.017      4.320            78559
           E14N-E14H-A11HA     118.401      8.018      4.172           119131
           E14N-E14H-E14HA     118.401      8.017      3.955           334495
          E14N-E14H-K17HE3     118.401      8.017      3.196            50449
          E14N-E14H-N13HB2     118.401      8.017      2.865           548607
          E14N-E14H-E14HG3     118.401      8.017      2.433           697024
          E14N-E14H-E14HB2     118.401      8.017      2.145           975052
                     ?-?-?     118.400      8.018      2.010            28748
            K15N-K15H-N13H     120.949      7.575      8.822            37218
            K15N-K15H-E14H     120.950      7.575      8.017           568690
           K15N-K15H-E14HA     120.950      7.575      3.959            92634
          K15N-K15H-N13HB2     120.950      7.575      2.864            14894
          K15N-K15H-E12HG2     120.949      7.575      2.376            30014
          K15N-K15H-E14HB3     120.950      7.575      2.145           511851
            L34N-L34H-L32H     121.477      8.609      7.703            62096
           L34N-L34H-L34HA     121.562      8.604      4.007           473658
          L34N-L34H-Q33HB2     121.568      8.604      2.192           668304
                     ?-?-?     121.565      8.601      1.532            25010
                     ?-?-?     121.252      8.630      1.425            88891
            K17N-K17H-L16H     118.263      8.429      8.629           474511
           K17N-K17H-L16HA     118.265      8.429      4.124            99250
          K17N-K17H-A18HB3     118.290      8.429      1.610            62696
          K17N-K17H-L16HB3     118.261      8.429      1.234           475898
            A18N-A18H-K15H     123.378      7.723      7.579            18486
           A18N-A18H-K15HA     123.377      7.723      4.150           126669
            Q19N-Q19H-L20H     119.047      8.337      8.949           627311
            Q19N-Q19H-A18H     119.045      8.338      7.722           513574
           Q19N-Q19H-Q19HA     119.047      8.337      4.213           390575
          Q19N-Q19H-Q19HG3     119.047      8.337      2.612            70254
          Q19N-Q19H-Q19HG2     119.047      8.337      2.326           802526
          Q19N-Q19H-Q19HB2     119.047      8.337      2.127          1049032
           Q19N-Q19H-L16HG     118.975      8.351      1.855            37913
           Q19N-Q19H-L20HG     119.038      8.348      1.635            16868
            L20N-L20H-Q19H     123.284      8.950      8.336           545580
            L20N-L20H-H21H     123.284      8.950      8.142           429321
           L20N-L20H-Q19HA     123.284      8.950      4.215            95869
           L20N-L20H-L20HA     123.284      8.950      3.999           295894
                     ?-?-?     123.285      8.950      3.502            11353
                     ?-?-?     123.283      8.950      3.309            15492
                     ?-?-?     123.286      8.950      2.612            12345
                     ?-?-?     123.285      8.950      2.326            23652
          L20N-L20H-Q19HB3     123.284      8.950      2.127           575746
          L20N-L20H-L20HB2     123.284      8.950      1.849           917853
           L20N-L20H-L20HG     123.284      8.950      1.635           431065
            Q33N-Q33H-L32H     119.393      8.180      7.685           551225
           Q33N-Q33H-D29HA     119.374      8.172      4.458            45558
          Q33N-Q33H-L32HB2     119.391      8.180      1.933          1054626
           L27N-L27H-L27HA     120.413      8.452      3.938           344657
          L27N-L27H-L27HB2     120.457      8.451      1.630            88394
            D22N-D22H-T23H     120.333      8.413      8.641           547449
            T23N-T23H-E26H     118.214      8.641      7.707            19744
                     ?-?-?     118.217      8.641      4.465            11817
            N24N-N24H-T23H     120.667      8.538      8.639           621509
            N24N-N24H-M25H     120.663      8.536      8.021           463837
         N24N-N24H-N24HD22     120.661      8.537      6.745            25289
           N24N-N24H-N24HA     120.660      8.533      4.465           343698
          N24N-N24H-N24HB3     120.661      8.537      2.923           983925
          N24N-N24H-N24HB2     120.665      8.535      2.663            89977
                     ?-?-?     120.671      8.535      2.298            19069
                     ?-?-?     120.660      6.746      8.536            25321
                     ?-?-?     120.662      6.746      4.465            22657
                     ?-?-?     120.662      6.746      2.923           100302
                     ?-?-?     120.662      6.746      2.662            65058
            E35N-E35H-L34H     120.939      7.990      8.600           551219
            E35N-E35H-K36H     120.914      7.990      7.766           523487
           E35N-E35H-Q33HA     120.953      7.988      3.986           457687
          E35N-E35H-E35HB2     120.946      7.989      2.369          1419515
          E35N-E35H-L34HB2     120.950      7.988      1.883           837824
           E35N-E35H-L34HG     120.953      7.988      1.533            66601
           M25N-M25H-D22HA     120.631      8.020      4.316           157635
          M25N-M25H-N24HB3     120.631      8.021      2.923           420695
          M25N-M25H-M25HG2     120.662      8.017      2.309           889013
          M25N-M25H-M25HB2     120.637      8.020      2.149          1068103
            E26N-E26H-T23H     121.880      7.706      8.639            17739
                     ?-?-?     121.885      7.706      2.921            11655
          E26N-E26H-L30HB3     121.689      7.698      1.465            23233
           D29N-D29H-D29HA     121.545      7.692      4.455           380281
            T28N-T28H-L27H     115.392      8.173      8.454           503108
            T28N-T28H-D29H     115.392      8.173      7.692           438241
           T28N-T28H-N24HA     115.393      8.173      4.463            51955
           T28N-T28H-T28HB     115.392      8.173      4.304           628465
           T28N-T28H-L27HA     115.392      8.173      3.937            92654
           T28N-T28H-T28HA     115.392      8.173      3.752           331937
                     ?-?-?     115.391      8.173      2.751            26645
          T28N-T28H-L27HB3     115.392      8.173      1.945           538812
          T28N-T28H-L27HB2     115.392      8.173      1.634           113527
                     ?-?-?     115.392      8.173      1.455            29072
                     ?-?-?     112.158      6.717      2.192            39167
            K36N-K36H-E35H     117.651      7.771      7.984           441653
            K36N-K36H-A37H     117.650      7.771      7.902           478575
           K36N-K36H-K36HA     117.650      7.771      4.086           316270
           K36N-K36H-Q33HA     117.650      7.771      3.990           207409
                     ?-?-?     117.652      7.771      2.943            15498
          K36N-K36H-E35HB2     117.650      7.771      2.371           725596
          K36N-K36H-E35HG3     117.651      7.771      2.168            80139
          K36N-K36H-K36HB3     117.650      7.771      1.881           973320
                     ?-?-?     117.650      7.771      1.592            54331
          K36N-K36H-K36HG3     117.650      7.771      1.458           818359
            A37N-A37H-K36H     120.375      7.897      7.757           898527
           A37N-A37H-A37HA     120.374      7.897      4.255           328673
          A37N-A37H-K36HB2     120.376      7.898      1.881           702659
                     ?-?-?     120.374      7.897      1.601            22028
          A37N-A37H-A37HB2     120.376      7.897      1.460            41494
                     ?-?-?     108.633      7.739      8.426            16528
          T38N-T38H-E35HG3     108.631      7.739      2.151            19978
                     ?-?-?     108.634      7.739      1.873            13293
                     ?-?-?     121.660      7.752      1.899            28244
                     ?-?-?     112.050      7.467      4.087            17852
           R40N-R40H-Q39HA     121.972      8.196      4.319           532346
          R40N-R40H-R40HG2     121.953      8.188      1.632          1033498
          Q41N-Q41H-Q41HB3     122.655      8.426      2.102           664975
                     ?-?-?     122.643      8.425      1.628            37756
                     ?-?-?     122.566      8.421      1.523            13170
            E42N-E42H-R43H     122.018      8.368      8.144           402716
          E42N-E42H-E42HG3     122.013      8.368      2.202           935513
          E42N-E42H-E42HB3     122.023      8.368      1.898          1264254
            A45N-A45H-S47H     130.321      7.792      7.992            48051
          A45N-A45H-F44HB2     130.322      7.792      2.959            84612
          A45N-A45H-Q41HG3     130.322      7.792      2.366            34832
            H21N-H21H-L20H     119.519      8.143      8.949           474582
           H21N-H21H-H21HA     119.519      8.143      4.315           363514
           H21N-H21H-K17HA     119.497      8.151      3.874            60367
          H21N-H21H-H21HB3     119.505      8.143      3.502           625335
          H21N-H21H-H21HB2     119.519      8.143      3.309           685006
          H21N-H21H-L20HB3     119.511      8.145      1.854           689850
               K3N-K3H-L5H     121.507      8.078      7.697            36403
               K3N-K3H-K4H     121.561      8.082      7.331           383917
              K3N-K3H-K3HA     121.561      8.082      3.470           350825
                     ?-?-?     121.562      8.082      1.315            25817
             K3N-K3H-K3HB2     121.561      8.082      1.071           539464
                     ?-?-?     121.560      8.082      0.898            14727
                     ?-?-?     121.561      8.082      0.348            49743
               K4N-K4H-Y6H     118.264      7.332      8.627            42539
               K4N-K4H-E7H     118.264      7.332      8.233            20858
              K4N-K4H-D1HA     118.263      7.332      4.570            23914
             K4N-K4H-F2HB3     118.263      7.331      3.020            10848
             K4N-K4H-D1HB3     118.264      7.332      2.704            25703
             K4N-K4H-D1HB2     118.264      7.332      2.476           121374
             K4N-K4H-E7HG2     118.264      7.332      2.213            11904
               L5N-L5H-E7H     119.089      7.695      8.236            35630
               L5N-L5H-Q8H     119.088      7.695      8.104            56393
             L5N-L5H-F2HB2     119.111      7.696      2.855            10754
             L5N-L5H-E7HB3     119.089      7.695      2.677            12404
             L5N-L5H-D1HB2     119.088      7.695      2.476            40666
             L5N-L5H-Q8HG2     119.142      7.695      2.294            14855
             L5N-L5H-K3HB2     119.089      7.696      1.071            15387
               Y6N-Y6H-I9H     119.921      8.628      8.438            15964
               Y6N-Y6H-Q8H     119.913      8.628      8.110            50758
               Y6N-Y6H-K4H     119.913      8.628      7.331            39827
             Y6N-Y6H-F2HB2     119.919      8.627      2.855            20163
              Y6N-Y6H-I9HB     119.914      8.628      2.094             9899
                     ?-?-?     119.913      8.628      1.723            16170
             Y6N-Y6H-K3HB2     119.918      8.628      1.071             9606
               E7N-E7H-I9H     117.741      8.239      8.437            32906
               E7N-E7H-L5H     117.742      8.239      7.696            34262
               E7N-E7H-K4H     117.741      8.239      7.331            19381
              E7N-E7H-K4HA     117.741      8.239      4.013           159915
                     ?-?-?     117.739      8.239      1.723             9963
             E7N-E7H-L10HG     117.741      8.239      1.429            19574
             E7N-E7H-L5HB2     117.742      8.239      1.298            28018
             E7N-E7H-K3HG2     117.741      8.239      0.348            40974
          Q33N-Q33H-Q33HB3     119.246      8.164      2.206          1144228
               Q8N-Q8H-I9H     119.185      8.123      8.434           666528
               Q8N-Q8H-E7H     119.119      8.125      8.231           559020
              Q8N-Q8H-Q8HA     119.095      8.120      4.119           341301
             Q8N-Q8H-E7HB3     119.099      8.121      2.675           361048
            Q8N-Q8H-L10HB2     119.100      8.121      1.543            24977
              Q8N-Q8H-L5HG     119.104      8.123      1.445            26906
                     ?-?-?     110.670      7.455      4.004            16943
                     ?-?-?     110.671      7.455      2.899           789262
                     ?-?-?     110.671      7.455      1.664            55542
                     ?-?-?     110.671      7.455      1.437            18474
                     ?-?-?     110.671      7.455      1.318           115901
           L30N-L30H-L30HA     121.172      8.460      4.048           429430
          L30N-L30H-D29HB3     121.168      8.471      2.753           623662
           L30N-L30H-L30HG     121.170      8.471      1.825           490255
              I9N-I9H-A11H     121.210      8.438      7.314            41629
              I9N-I9H-Y6HA     121.154      8.453      4.468           169525
              I9N-I9H-E7HA     121.197      8.438      3.546            27840
            L10N-L10H-N13H     125.300      8.618      8.822            19699
             L10N-L10H-I9H     125.299      8.618      8.437           512016
             L10N-L10H-Q8H     125.299      8.618      8.120            41617
            L10N-L10H-A11H     125.299      8.618      7.314           555392
            L10N-L10H-I9HA     125.299      8.618      4.097           105587
           L10N-L10H-L10HA     125.299      8.618      3.918           326902
          L10N-L10H-N13HB3     125.301      8.618      3.196             9914
                     ?-?-?     125.299      8.618      2.865            10057
            L10N-L10H-I9HB     125.299      8.618      2.093           380939
           L10N-L10H-L10HG     125.299      8.618      1.420           517525
          L10N-L10H-L10HB3     125.299      8.618      1.250           908637
            A11N-A11H-N13H     120.129      7.313      8.822            38604
            A11N-A11H-L10H     120.130      7.313      8.619           569272
             A11N-A11H-I9H     120.131      7.313      8.437            39337
            A11N-A11H-E14H     120.128      7.313      8.019            18552
            A11N-A11H-E12H     120.130      7.313      7.704           482173
           A11N-A11H-A11HA     120.130      7.313      4.166           357576
           A11N-A11H-L10HA     120.130      7.313      3.918            99010
            A11N-A11H-E7HA     120.130      7.313      3.546            43775
          A11N-A11H-E14HG3     120.130      7.313      2.433            11196
                     ?-?-?     120.130      7.313      2.192            40736
           A11N-A11H-E7HB2     120.130      7.313      1.948            15699
          A11N-A11H-L10HB2     120.130      7.313      1.522           113750
          A11N-A11H-L10HB3     120.130      7.313      1.250           572317
            L32N-L32H-K31H     120.494      7.686      8.451           416424
            L32N-L32H-Q33H     120.500      7.686      8.181           521049
           L32N-L32H-L32HA     120.446      7.688      4.178           366940
           L32N-L32H-K31HA     120.472      7.687      3.877            90226
           L32N-L32H-T28HA     120.508      7.686      3.753            33553
                     ?-?-?     120.498      7.686      2.598            20812
          L32N-L32H-L32HB2     120.497      7.686      1.933          1905268
                     ?-?-?     120.501      7.686      1.488            13699
                     ?-?-?     120.496      7.686      1.374            35183
            E12N-E12H-E14H     120.101      7.698      8.011            36230
            E12N-E12H-N13H     119.977      7.703      8.822           409384
                     ?-?-?     119.979      7.703      4.320             9961
           E12N-E12H-E12HA     119.981      7.703      4.077           433816
          E12N-E12H-N13HB3     119.977      7.703      3.197            13013
                     ?-?-?     119.959      7.703      2.865            13409
                     ?-?-?     120.008      7.702      2.368            48276
          E12N-E12H-E12HB3     119.979      7.703      2.192          1243418
            N13N-N13H-L16H     120.769      8.823      8.624            36134
            N13N-N13H-A11H     120.770      8.823      7.314            36707
           N13N-N13H-L10HA     120.770      8.823      3.920           109243
          N13N-N13H-K15HB3     120.769      8.823      2.007            10542
           N13N-N13H-L16HG     120.772      8.823      1.876             9719
          N13N-N13H-L10HB2     120.769      8.823      1.522            10326
          N13N-N13H-L16HB3     120.769      8.824      1.234            11113
            E14N-E14H-L16H     118.404      8.019      8.629            32216
            E14N-E14H-E12H     118.400      8.018      7.697            33363
            E14N-E14H-A11H     118.404      8.018      7.314            17412
                     ?-?-?     118.405      8.017      1.859            11462
                     ?-?-?     118.405      8.018      1.585            14086
          E14N-E14H-L10HB2     118.404      8.018      1.528            16381
          E14N-E14H-K17HG2     118.400      8.018      1.369            11528
                     ?-?-?     118.402      8.018      1.233            10370
            K15N-K15H-L16H     120.950      7.575      8.629           426240
           K15N-K15H-K15HA     120.949      7.575      4.149           358870
          K15N-K15H-K15HB2     120.950      7.575      2.006          1225126
                     ?-?-?     120.949      7.575      1.689            29151
                     ?-?-?     120.949      7.575      1.429            47239
                     ?-?-?     120.948      7.575      1.234            17707
            L34N-L34H-Q33H     121.570      8.603      8.181           478695
            L34N-L34H-E35H     121.561      8.604      7.990           532155
           L34N-L34H-K31HA     121.553      8.605      3.876           109956
                     ?-?-?     121.568      8.603      2.598            27363
          L34N-L34H-E35HB3     121.434      8.613      2.364            70210
          L34N-L34H-L34HB2     121.502      8.609      1.882          1753552
            L16N-L16H-N13H     121.252      8.631      8.822            18172
            L16N-L16H-K17H     121.255      8.630      8.428           507192
            L16N-L16H-K15H     121.252      8.630      7.576           443619
           L16N-L16H-N13HA     121.250      8.630      4.320           118369
           L16N-L16H-L16HA     121.254      8.630      4.122           416716
          L16N-L16H-K15HB3     121.253      8.630      2.006           764886
                     ?-?-?     121.252      8.630      1.689            18472
                     ?-?-?     121.252      8.630      1.234          1043169
            K17N-K17H-E14H     118.261      8.429      8.017            17720
            K17N-K17H-A18H     118.287      8.429      7.721           543112
            K17N-K17H-K15H     118.269      8.429      7.577            37186
           K17N-K17H-N13HA     118.260      8.429      4.317            42907
           K17N-K17H-K17HA     118.357      8.430      3.863           345485
          K17N-K17H-K17HE2     118.260      8.429      2.888            18757
          K17N-K17H-K17HB3     118.275      8.429      1.859           950950
          K17N-K17H-K17HB2     118.281      8.429      1.717            85649
          K17N-K17H-K17HG3     118.359      8.430      1.369           824502
            A18N-A18H-L20H     123.377      7.723      8.949            43749
            A18N-A18H-L16H     123.378      7.723      8.629            40733
            A18N-A18H-K17H     123.377      7.723      8.425           599034
            A18N-A18H-Q19H     123.377      7.723      8.340           545367
            A18N-A18H-H21H     123.378      7.723      8.142            20231
           A18N-A18H-A18HA     123.377      7.723      4.252           339458
           A18N-A18H-E14HA     123.378      7.723      3.946            46842
           A18N-A18H-K17HA     123.377      7.723      3.862           100322
          A18N-A18H-H21HB2     123.377      7.723      3.310            11606
          A18N-A18H-E14HG2     123.378      7.723      2.326            21046
          A18N-A18H-E14HB2     123.376      7.723      2.135            33747
          A18N-A18H-K17HB3     123.377      7.723      1.858           584323
          A18N-A18H-K17HB2     123.377      7.723      1.718           104367
                     ?-?-?     123.377      7.723      1.373            44471
                     ?-?-?     123.378      7.723      1.235            13960
            Q19N-Q19H-L16H     118.982      8.342      8.629            20677
            Q19N-Q19H-H21H     119.047      8.338      8.142            41717
          Q19N-Q19H-H21HB2     119.052      8.337      3.310            13355
                     ?-?-?     119.052      8.338      2.813            11843
                     ?-?-?     118.988      8.340      1.234            22675
            L20N-L20H-T23H     123.286      8.950      8.642            16209
            L20N-L20H-A18H     123.284      8.950      7.722            36516
           L20N-L20H-L16HA     123.284      8.950      4.125            54251
           L20N-L20H-K17HA     123.284      8.950      3.861            96009
          L20N-L20H-D22HB2     123.282      8.949      2.814             9984
          L20N-L20H-L16HB2     123.283      8.950      1.234            18066
            Q33N-Q33H-L34H     119.388      8.178      8.604           506267
            Q33N-Q33H-E35H     119.406      8.180      7.992            39539
          Q33N-Q33H-Q33HG2     119.388      8.180      2.598           949050
           Q33N-Q33H-L32HG     119.404      8.177      1.728            83412
            L27N-L27H-T28H     120.392      8.441      8.162           687327
            L27N-L27H-E26H     120.424      8.452      7.706           577141
                     ?-?-?     120.399      8.452      2.431            40101
          L27N-L27H-E26HB3     120.415      8.451      2.150           662210
          L27N-L27H-L27HB3     120.403      8.452      1.945           950099
           L27N-L27H-L27HG     120.425      8.452      1.447           593367
            D22N-D22H-L20H     120.319      8.412      8.949            35234
           D22N-D22H-D22HA     120.321      8.413      4.316           415947
           D22N-D22H-Q19HA     120.324      8.415      4.226           175610
                     ?-?-?     120.324      8.412      3.502            51144
          D22N-D22H-H21HB2     120.319      8.412      3.309           695064
          D22N-D22H-D22HB2     120.320      8.413      2.814           995559
            T23N-T23H-L20H     118.216      8.641      8.949            18611
            T23N-T23H-N24H     118.215      8.641      8.538           600588
            T23N-T23H-D22H     118.215      8.641      8.413           568675
            T23N-T23H-H21H     118.215      8.641      8.141            34371
            T23N-T23H-M25H     118.215      8.641      8.021            39113
           T23N-T23H-D22HA     118.215      8.641      4.317           121127
           T23N-T23H-Q19HA     118.215      8.641      4.209            55113
           T23N-T23H-T23HA     118.215      8.641      4.090           341146
          T23N-T23H-H21HB2     118.214      8.641      3.309            15501
          T23N-T23H-D22HB3     118.215      8.641      2.814           657355
          T23N-T23H-E26HG2     118.217      8.641      2.431            12239
          T23N-T23H-E26HB3     118.215      8.641      2.140            42571
                     ?-?-?     118.216      8.641      1.849            10618
           N24N-N24H-H21HA     120.665      8.535      4.319           113483
                     ?-?-?     120.662      6.746      4.319            23091
                     ?-?-?     120.660      6.745      3.999            17289
                     ?-?-?     120.662      6.746      1.849           128727
            E35N-E35H-Q33H     120.912      7.995      8.180            44939
            M25N-M25H-N24H     120.663      8.017      8.545           501370
            M25N-M25H-E26H     120.666      8.016      7.715           531621
           M25N-M25H-N24HA     120.631      8.020      4.465            88260
           M25N-M25H-M25HA     120.669      8.017      4.195           404410
          M25N-M25H-N24HB2     120.631      8.021      2.662           103816
          M25N-M25H-M25HG3     120.632      8.021      2.512            90797
                     ?-?-?     121.804      7.738      2.435          1213888
          E26N-E26H-M25HB2     121.852      7.713      2.144          1509506
            E26N-E26H-L27H     121.735      7.700      8.459           805040
            E26N-E26H-M25H     121.883      7.706      8.021           413627
           E26N-E26H-T23HA     121.824      7.707      4.091           500548
            D29N-D29H-T28H     121.547      7.699      8.173           487683
           D29N-D29H-T28HB     121.547      7.697      4.305           946857
           D29N-D29H-L27HA     121.618      7.699      3.940            30310
           D29N-D29H-T28HA     121.531      7.691      3.752            95454
          D29N-D29H-D29HB3     121.536      7.691      2.753          1375560
            T28N-T28H-M25H     115.392      8.173      8.022            17364
           T28N-T28H-E26HA     115.392      8.173      4.099            27479
          T28N-T28H-N24HB2     115.393      8.173      2.677            16552
          T28N-T28H-E26HB2     115.391      8.173      2.150            22445
            K31N-K31H-Q33H     118.972      8.448      8.178            48976
           K31N-K31H-D29HA     118.972      8.449      4.455            23405
           K31N-K31H-L30HA     118.960      8.448      4.030            93632
           K31N-K31H-T28HA     118.969      8.449      3.753            93518
                     ?-?-?     118.973      8.448      2.753            13970
          K31N-K31H-L30HB2     118.964      8.449      1.930          1109242
          K31N-K31H-L30HB3     118.970      8.449      1.489           572968
                     ?-?-?     118.912      8.446      1.665            68837
                     ?-?-?     112.157      6.717      4.032            17125
                     ?-?-?     112.161      6.716      2.753            11414
                     ?-?-?     112.158      6.717      2.598            89194
                     ?-?-?     112.158      6.717      2.351            66140
                     ?-?-?     112.165      6.717      1.825             9485
            K36N-K36H-L34H     117.650      7.771      8.603            32964
            K36N-K36H-Q33H     117.647      7.771      8.181            16914
           K36N-K36H-L32HG     117.649      7.772      1.728            25372
            A37N-A37H-Q33H     120.377      7.899      8.199            15463
           A37N-A37H-L34HA     120.378      7.899      4.003           170469
          A37N-A37H-R40HD2     120.376      7.896      3.181            11945
            T38N-T38H-R40H     108.630      7.739      8.199            28087
            T38N-T38H-A37H     108.632      7.739      7.898           419968
           T38N-T38H-T38HA     108.632      7.739      4.317           334257
           T38N-T38H-E35HA     108.632      7.739      3.988           131894
                     ?-?-?     108.633      7.739      2.434            18337
                     ?-?-?     108.632      7.739      1.822            11763
           T38N-T38H-L34HG     108.633      7.739      1.535            23586
                     ?-?-?     121.656      7.767      1.628            16234
                     ?-?-?     112.050      7.467      2.440           166933
                     ?-?-?     112.050      7.467      2.164           215188
                     ?-?-?     112.050      7.466      1.458            10955
            R40N-R40H-Q41H     122.044      8.198      8.424           576685
           R40N-R40H-K36HA     122.053      8.200      4.087            33256
                     ?-?-?     122.047      8.200      2.440            35000
          R40N-R40H-Q39HB2     122.052      8.199      2.093           578499
          R40N-R40H-R40HB3     122.050      8.199      1.802           997994
            F44N-F44H-A45H     121.797      8.216      7.781           557243
                     ?-?-?     122.662      8.426      7.321             8790
            Q41N-Q41H-R40H     122.650      8.425      8.198           551885
                     ?-?-?     122.633      8.424      7.761            50589
           Q41N-Q41H-R40HA     122.610      8.423      4.328           515894
          Q41N-Q41H-F44HB3     122.640      8.425      3.185            25253
                     ?-?-?     122.554      8.421      2.366            48588
          Q41N-Q41H-Q41HB2     122.514      8.420      1.939           512318
          Q41N-Q41H-R40HB3     122.656      8.426      1.803           676296
            R43N-R43H-E42H     121.741      8.154      8.374           433652
           R43N-R43H-R43HA     121.721      8.151      4.258           421706
                     ?-?-?     121.717      8.147      2.190            35573
          R43N-R43H-E42HB2     121.706      8.145      1.877           538043
          R43N-R43H-R43HB3     121.689      8.147      1.519          1046916
                     ?-?-?     121.557      8.229      7.993            14424
                     ?-?-?     121.551      8.225      7.321            12418
           F44N-F44H-F44HA     121.553      8.230      4.659           316823
          F44N-F44H-F44HB3     121.563      8.229      3.189           883637
          F44N-F44H-F44HB2     121.553      8.230      2.959            84831
          F44N-F44H-Q41HG3     121.624      8.228      2.373            10320
            A45N-A45H-E42H     130.319      7.792      8.362            17363
            A45N-A45H-F44H     130.322      7.792      8.230           463867
           A45N-A45H-F44HA     130.322      7.792      4.659            81841
                     ?-?-?     130.322      7.792      4.295           146915
          A45N-A45H-F44HB3     130.322      7.792      3.189           314995
                     ?-?-?     130.321      7.792      1.915            25394
                     ?-?-?     130.320      7.792      1.786            27667
                     ?-?-?     130.322      7.792      1.519            23736
