944,944,1282,0,0,1258,1275,1286,1313,0,0,0,0,0,0,0,0,0,0,0,0,0,0,0,0,0,0,0,0,0,0,0,0,0,0,0,0,0,0,0,0,0,0
944,944,1282,0,0,1258,1275,1286,1313,0,0,0,0,0,0,0,0,0,0,0,0,0,0,0,0,0,0,0,0,0,0,0,0,0,0,0,0,0,0,0,0,0,0
1086,1086,1172,0,0,1321,1392,1399,1351,0,0,0,0,0,0,0,0,0,0,0,0,0,0,0,0,0,0,0,0,0,0,0,0,0,0,0,0,0,0,0,0,0,0
0,0,0,0,0,0,0,0,0,0,0,0,0,0,0,0,0,0,0,0,0,0,0,0,0,0,0,0,0,0,0,0,0,0,0,0,0,0,0,0,0,0,0
0,0,0,0,0,0,0,0,0,0,0,0,0,0,0,0,0,0,0,0,0,0,0,0,0,0,0,0,0,0,0,0,0,0,0,0,0,0,0,0,0,0,0
796,796,1158,0,0,1267,1245,1281,1312,0,0,0,0,0,0,0,0,0,0,0,0,0,0,0,0,0,0,0,0,0,0,0,0,0,0,0,0,0,0,0,0,0,0
0,0,0,0,0,0,0,0,0,0,0,0,0,0,0,0,0,0,0,0,0,0,0,0,0,0,0,0,0,0,0,0,0,0,0,0,0,0,0,0,0,0,0
817,817,1150,0,0,1280,1255,1268,1283,0,0,0,0,0,0,0,0,0,0,0,0,0,0,0,0,0,0,0,0,0,0,0,0,0,0,0,0,0,0,0,0,0,0
866,866,1200,0,0,1244,1222,1252,1283,0,0,0,0,0,0,0,0,0,0,0,0,0,0,0,0,0,0,0,0,0,0,0,0,0,0,0,0,0,0,0,0,0,0
675,675,962,0,0,1194,1136,1157,1190,0,0,0,0,0,0,0,0,0,0,0,0,0,0,0,0,0,0,0,0,0,0,0,0,0,0,0,0,0,0,0,0,0,0
0,0,0,0,0,0,0,0,0,0,0,0,0,0,0,0,0,0,0,0,0,0,0,0,0,0,0,0,0,0,0,0,0,0,0,0,0,0,0,0,0,0,0
0,0,0,0,0,0,0,0,0,0,0,0,0,0,0,0,0,0,0,0,0,0,0,0,0,0,0,0,0,0,0,0,0,0,0,0,0,0,0,0,0,0,0
0,0,0,0,0,0,0,0,0,0,0,0,0,0,0,0,0,0,0,0,0,0,0,0,0,0,0,0,0,0,0,0,0,0,0,0,0,0,0,0,0,0,0
0,0,0,0,0,0,0,0,0,0,0,0,0,0,0,0,0,0,0,0,0,0,0,0,0,0,0,0,0,0,0,0,0,0,0,0,0,0,0,0,0,0,0
712,712,947,0,0,1152,1127,1169,1187,0,0,0,0,0,0,0,0,0,0,0,0,0,0,0,0,0,0,0,0,0,0,0,0,0,0,0,0,0,0,0,0,0,0
0,0,0,0,0,0,0,0,0,0,0,0,0,0,0,0,0,0,0,0,0,0,0,0,0,0,0,0,0,0,0,0,0,0,0,0,0,0,0,0,0,0,0
0,0,0,0,0,0,0,0,0,0,0,0,0,0,0,0,0,0,0,0,0,0,0,0,0,0,0,0,0,0,0,0,0,0,0,0,0,0,0,0,0,0,0
0,0,0,0,0,0,0,0,0,0,0,0,0,0,0,0,0,0,0,0,0,0,0,0,0,0,0,0,0,0,0,0,0,0,0,0,0,0,0,0,0,0,0
694,694,980,0,0,1135,1131,1153,1142,0,0,0,0,0,0,0,0,0,0,0,0,0,0,0,0,0,0,0,0,0,0,0,0,0,0,0,0,0,0,0,0,0,0
585,585,896,0,0,1106,1057,1103,1135,0,0,0,0,0,0,0,0,0,0,0,0,0,0,0,0,0,0,0,0,0,0,0,0,0,0,0,0,0,0,0,0,0,0
1,1,0,0,0,0,0,1,0,0,0,0,0,0,0,0,0,0,0,0,0,0,0,0,0,0,0,0,0,0,0,0,0,0,0,0,0,0,0,0,0,0,0
611,611,918,0,0,1113,1055,1057,1111,0,0,0,0,0,0,0,0,0,0,0,0,0,0,0,0,0,0,0,0,0,0,0,0,0,0,0,0,0,0,0,0,0,0
645,645,917,0,0,1060,1049,1077,1086,0,0,0,0,0,0,0,0,0,0,0,0,0,0,0,0,0,0,0,0,0,0,0,0,0,0,0,0,0,0,0,0,0,0
0,0,0,0,0,0,0,0,0,0,0,0,0,0,0,0,0,0,0,0,0,0,0,0,0,0,0,0,0,0,0,0,0,0,0,0,0,0,0,0,0,0,0
0,0,0,0,0,0,0,0,0,0,0,0,0,0,0,0,0,0,0,0,0,0,0,0,0,0,0,0,0,0,0,0,0,0,0,0,0,0,0,0,0,0,0
766,766,1055,0,0,1194,1176,1197,1220,0,0,0,0,0,0,0,0,0,0,0,0,0,0,0,0,0,0,0,0,0,0,0,0,0,0,0,0,0,0,0,0,0,0
0,0,0,0,0,0,0,0,0,0,0,0,0,0,0,0,0,0,0,0,0,0,0,0,0,0,0,0,0,0,0,0,0,0,0,0,0,0,0,0,0,0,0
0,0,0,0,0,0,0,0,0,0,0,0,0,0,0,0,0,0,0,0,0,0,0,0,0,0,0,0,0,0,0,0,0,0,0,0,0,0,0,0,0,0,0
0,0,0,0,0,0,0,0,0,0,0,0,0,0,0,0,0,0,0,0,0,0,0,0,0,0,0,0,0,0,0,0,0,0,0,0,0,0,0,0,0,0,0
0,0,0,0,0,0,0,0,0,0,0,0,0,0,0,0,0,0,0,0,0,0,0,0,0,0,0,0,0,0,0,0,0,0,0,0,0,0,0,0,0,0,0
774,774,1066,0,0,1156,1158,1173,1176,0,0,0,0,0,0,0,0,0,0,0,0,0,0,0,0,0,0,0,0,0,0,0,0,0,0,0,0,0,0,0,0,0,0
0,0,0,0,0,0,0,0,0,0,0,0,0,0,0,0,0,0,0,0,0,0,0,0,0,0,0,0,0,0,0,0,0,0,0,0,0,0,0,0,0,0,0
0,0,0,0,0,0,0,0,0,0,0,0,0,0,0,0,0,0,0,0,0,0,0,0,0,0,0,0,0,0,0,0,0,0,0,0,0,0,0,0,0,0,0
0,0,0,0,0,0,0,0,0,0,0,0,0,0,0,0,0,0,0,0,0,0,0,0,0,0,0,0,0,0,0,0,0,0,0,0,0,0,0,0,0,0,0
822,822,1082,0,0,1195,1180,1203,1215,0,0,0,0,0,0,0,0,0,0,0,0,0,0,0,0,0,0,0,0,0,0,0,0,0,0,0,0,0,0,0,0,0,0
0,0,0,0,0,0,0,0,0,0,0,0,0,0,0,0,0,0,0,0,0,0,0,0,0,0,0,0,0,0,0,0,0,0,0,0,0,0,0,0,0,0,0
0,0,0,0,0,0,0,0,0,0,0,0,0,0,0,0,0,0,0,0,0,0,0,0,0,0,0,0,0,0,0,0,0,0,0,0,0,0,0,0,0,0,0
0,0,0,0,0,0,0,0,0,0,0,0,0,0,0,0,0,0,0,0,0,0,0,0,0,0,0,0,0,0,0,0,0,0,0,0,0,0,0,0,0,0,0
0,0,0,0,0,0,0,0,0,0,0,0,0,0,0,0,0,0,0,0,0,0,0,0,0,0,0,0,0,0,0,0,0,0,0,0,0,0,0,0,0,0,0
0,0,0,0,0,0,0,0,0,0,0,0,0,0,0,0,0,0,0,0,0,0,0,0,0,0,0,0,0,0,0,0,0,0,0,0,0,0,0,0,0,0,0
512,512,792,0,0,901,853,907,882,0,0,0,0,0,0,0,0,0,0,0,0,0,0,0,0,0,0,0,0,0,0,0,0,0,0,0,0,0,0,0,0,0,0
525,525,792,0,0,868,865,892,892,0,0,0,0,0,0,0,0,0,0,0,0,0,0,0,0,0,0,0,0,0,0,0,0,0,0,0,0,0,0,0,0,0,0
531,531,757,0,0,878,860,889,880,0,0,0,0,0,0,0,0,0,0,0,0,0,0,0,0,0,0,0,0,0,0,0,0,0,0,0,0,0,0,0,0,0,0
581,581,667,0,0,490,0,504,504,384,0,0,0,0,416,0,0,0,413,384,0,0,0,0,0,484,0,0,0,0,495,0,0,0,498,338,295,295,347,268,0,0,0
581,581,667,0,0,490,0,504,504,384,0,0,0,0,416,0,0,0,413,384,0,0,0,0,0,484,0,0,0,0,495,0,0,0,498,338,295,295,347,268,0,0,0
643,643,613,0,0,548,0,543,568,488,0,0,0,0,503,0,0,0,499,446,0,0,0,0,0,552,0,0,0,0,562,0,0,0,573,436,404,412,437,389,0,0,0
0,0,0,0,0,0,0,0,0,0,0,0,0,0,0,0,0,0,0,0,0,0,0,0,0,0,0,0,0,0,0,0,0,0,0,0,0,0,0,0,0,0,0
0,0,0,0,0,0,0,0,0,0,0,0,0,0,0,0,0,0,0,0,0,0,0,0,0,0,0,0,0,0,0,0,0,0,0,0,0,0,0,0,0,0,0
427,427,534,0,0,434,0,431,462,453,0,0,0,0,468,0,0,0,453,447,0,0,0,0,0,486,0,0,0,0,468,0,0,0,506,441,417,376,405,364,0,0,0
0,0,0,0,0,0,0,0,0,0,0,0,0,0,0,0,0,0,0,0,0,0,0,0,0,0,0,0,0,0,0,0,0,0,0,0,0,0,0,0,0,0,0
430,430,531,0,0,469,0,445,478,452,0,0,0,0,462,0,0,0,449,443,0,0,0,0,0,483,0,0,0,0,481,0,0,0,491,428,409,381,410,367,0,0,0
450,450,545,0,0,445,0,429,463,459,0,0,0,0,488,0,0,0,461,447,0,0,0,0,0,502,0,0,0,0,486,0,0,0,511,447,425,397,415,385,0,0,0
278,278,456,0,0,375,0,361,380,410,2,0,0,0,425,0,0,0,408,410,0,0,0,0,0,391,0,0,0,0,397,0,0,0,406,434,454,451,456,446,0,0,0
0,0,0,0,0,0,0,0,0,2,2,0,0,0,2,0,0,0,0,0,0,0,0,0,0,0,0,0,0,0,0,0,0,0,0,0,0,0,0,0,0,0,0
0,0,0,0,0,0,0,0,0,0,0,0,0,0,0,0,0,0,0,0,0,0,0,0,0,0,0,0,0,0,0,0,0,0,0,0,0,0,0,0,0,0,0
0,0,0,0,0,0,0,0,0,0,0,0,0,0,0,0,0,0,0,0,0,0,0,0,0,0,0,0,0,0,0,0,0,0,0,0,0,0,0,0,0,0,0
0,0,0,0,0,0,0,0,0,0,0,0,0,0,0,0,0,0,0,0,0,0,0,0,0,0,0,0,0,0,0,0,0,0,0,0,0,0,0,0,0,0,0
297,297,438,0,0,355,0,361,378,367,0,0,0,0,403,0,0,0,391,400,0,0,0,0,0,392,0,0,0,0,416,0,0,0,399,417,452,442,467,452,0,0,0
0,0,0,0,0,0,0,0,0,0,0,0,0,0,0,0,0,0,0,0,0,0,0,0,0,0,0,0,0,0,0,0,0,0,0,0,0,0,0,0,0,0,0
0,0,0,0,0,0,0,0,0,0,0,0,0,0,0,0,0,0,0,0,0,0,0,0,0,0,0,0,0,0,0,0,0,0,0,0,0,0,0,0,0,0,0
0,0,0,0,0,0,0,0,0,0,0,0,0,0,0,0,0,0,0,0,0,0,0,0,0,0,0,0,0,0,0,0,0,0,0,0,0,0,0,0,0,0,0
348,348,494,0,0,383,0,388,420,429,0,0,0,0,461,0,0,0,411,437,0,0,0,0,0,408,0,0,0,0,411,0,0,0,428,457,450,461,483,461,0,0,0
290,290,430,0,0,298,0,291,336,384,0,0,0,0,389,0,0,0,382,421,0,0,0,0,0,345,0,0,0,0,353,0,0,0,347,435,494,478,503,484,0,0,0
0,0,0,0,0,0,0,0,0,0,0,0,0,0,0,0,0,0,0,0,0,0,0,0,0,0,0,0,0,0,0,0,0,0,0,0,0,0,0,0,0,0,0
318,318,437,0,0,328,0,322,329,387,0,0,0,0,399,0,0,0,397,440,0,0,0,0,0,349,0,0,0,0,371,0,0,0,357,438,499,498,519,490,0,0,0
302,302,422,0,0,321,0,310,349,393,0,0,0,0,405,0,0,0,396,421,0,0,0,0,0,358,0,0,0,0,371,0,0,0,365,429,472,491,485,470,0,0,0
0,0,0,0,0,0,0,0,0,0,0,0,0,0,0,0,0,0,0,0,0,0,0,0,0,0,0,0,0,0,0,0,0,0,0,0,0,0,0,0,0,0,0
0,0,0,0,0,0,0,0,0,0,0,0,0,0,0,0,0,0,0,0,0,0,0,0,0,0,0,0,0,0,0,0,0,0,0,0,0,0,0,0,0,0,0
398,398,472,0,0,400,0,392,416,434,1,0,0,0,440,0,0,0,430,424,0,0,0,0,0,413,0,0,0,0,437,0,0,0,427,420,420,409,443,386,0,0,0
0,0,0,0,0,0,0,0,0,0,0,0,0,0,0,0,0,0,0,0,0,0,0,0,0,0,0,0,0,0,0,0,0,0,0,0,0,0,0,0,0,0,0
0,0,0,0,0,0,0,0,0,0,0,0,0,0,0,0,0,0,0,0,0,0,0,0,0,0,0,0,0,0,0,0,0,0,0,0,0,0,0,0,0,0,0
0,0,0,0,0,0,0,0,0,0,0,0,0,0,0,0,0,0,0,0,0,0,0,0,0,0,0,0,0,0,0,0,0,0,0,0,0,0,0,0,0,0,0
0,0,0,0,0,0,0,0,0,0,0,0,0,0,0,0,0,0,0,0,0,0,0,0,0,0,0,0,0,0,0,0,0,0,0,0,0,0,0,0,0,0,0
419,419,493,0,0,404,0,426,424,432,0,0,0,0,442,0,0,0,431,415,0,0,0,0,0,442,0,0,0,0,434,0,0,0,421,428,408,391,417,368,0,0,0
0,0,0,0,0,0,0,0,0,0,0,0,0,0,0,0,0,0,0,0,0,0,0,0,0,0,0,0,0,0,0,0,0,0,0,0,0,0,0,0,0,0,0
0,0,0,0,0,0,0,0,0,0,0,0,0,0,0,0,0,0,0,0,0,0,0,0,0,0,0,0,0,0,0,0,0,0,0,0,0,0,0,0,0,0,0
0,0,0,0,0,0,0,0,0,0,0,0,0,0,0,0,0,0,0,0,0,0,0,0,0,0,0,0,0,0,0,0,0,0,0,0,0,0,0,0,0,0,0
429,429,470,0,0,395,0,418,416,435,2,0,0,0,451,0,0,0,425,423,0,0,0,0,0,403,0,0,0,0,433,0,0,0,438,420,421,418,453,418,0,0,0
0,0,0,0,0,0,0,0,0,0,0,0,0,0,0,0,0,0,0,0,0,0,0,0,0,0,0,0,0,0,0,0,0,0,0,0,0,0,0,0,0,0,0
0,0,0,0,0,0,0,0,0,0,0,0,0,0,0,0,0,0,0,0,0,0,0,0,0,0,0,0,0,0,0,0,0,0,0,0,0,0,0,0,0,0,0
0,0,0,0,0,0,0,0,0,0,0,0,0,0,0,0,0,0,0,0,0,0,0,0,0,0,0,0,0,0,0,0,0,0,0,0,0,0,0,0,0,0,0
0,0,0,0,0,0,0,0,0,0,0,0,0,0,0,0,0,0,0,0,0,0,0,0,0,0,0,0,0,0,0,0,0,0,0,0,0,0,0,0,0,0,0
0,0,0,0,0,0,0,0,0,0,0,0,0,0,0,0,0,0,0,0,0,0,0,0,0,0,0,0,0,0,0,0,0,0,0,0,0,0,0,0,0,0,0
265,265,368,0,0,294,0,281,315,369,2,0,0,0,368,0,0,0,369,418,0,0,0,0,0,314,0,0,0,0,335,0,0,0,325,438,518,560,545,547,0,0,0
258,258,377,0,0,310,0,306,318,373,2,0,0,0,388,0,0,0,379,412,0,0,0,0,0,318,0,0,0,0,331,0,0,0,324,452,518,541,549,555,0,0,0
292,292,363,0,0,297,0,289,349,365,1,0,0,0,375,0,0,0,368,455,0,0,0,0,0,337,0,0,0,0,341,0,0,0,338,445,539,563,528,554,0,0,0
512,512,633,0,0,544,0,516,559,537,0,0,0,0,537,582,528,0,0,0,0,0,0,0,0,0,0,0,0,0,0,0,0,0,0,0,0,0,0,0,0,0,0
512,512,633,0,0,544,0,516,559,537,0,0,0,0,537,582,528,0,0,0,0,0,0,0,0,0,0,0,0,0,0,0,0,0,0,0,0,0,0,0,0,0,0
564,564,663,0,0,586,0,552,606,588,0,0,0,0,588,584,602,0,0,0,0,0,0,0,0,0,0,0,0,0,0,0,0,0,0,0,0,0,0,0,0,0,0
0,0,0,0,0,0,0,0,0,0,0,0,0,0,0,0,0,0,0,0,0,0,0,0,0,0,0,0,0,0,0,0,0,0,0,0,0,0,0,0,0,0,0
0,0,0,0,0,0,0,0,0,0,0,0,0,0,0,0,0,0,0,0,0,0,0,0,0,0,0,0,0,0,0,0,0,0,0,0,0,0,0,0,0,0,0
456,456,618,0,0,530,0,508,571,578,0,0,0,0,578,563,561,0,0,0,0,0,0,0,0,0,0,0,0,0,0,0,0,0,0,0,0,0,0,0,0,0,0
0,0,0,0,0,0,0,0,0,0,0,0,0,0,0,0,0,0,0,0,0,0,0,0,0,0,0,0,0,0,0,0,0,0,0,0,0,0,0,0,0,0,0
464,464,617,0,0,527,0,523,564,568,0,0,0,0,568,559,583,0,0,0,0,0,0,0,0,0,0,0,0,0,0,0,0,0,0,0,0,0,0,0,0,0,0
478,478,630,0,0,550,0,526,572,576,0,0,0,0,576,563,572,0,0,0,0,0,0,0,0,0,0,0,0,0,0,0,0,0,0,0,0,0,0,0,0,0,0
382,382,648,0,0,533,0,507,556,600,0,0,0,0,600,577,605,0,0,0,0,0,0,0,0,0,0,0,0,0,0,0,0,0,0,0,0,0,0,0,0,0,0
0,0,0,0,0,0,0,0,0,0,0,0,0,0,0,0,0,0,0,0,0,0,0,0,0,0,0,0,0,0,0,0,0,0,0,0,0,0,0,0,0,0,0
0,0,0,0,0,0,0,0,0,0,0,0,0,0,0,0,0,0,0,0,0,0,0,0,0,0,0,0,0,0,0,0,0,0,0,0,0,0,0,0,0,0,0
0,0,0,0,0,0,0,0,0,0,0,0,0,0,0,0,0,0,0,0,0,0,0,0,0,0,0,0,0,0,0,0,0,0,0,0,0,0,0,0,0,0,0
0,0,0,0,0,0,0,0,0,0,0,0,0,0,0,0,0,0,0,0,0,0,0,0,0,0,0,0,0,0,0,0,0,0,0,0,0,0,0,0,0,0,0
407,407,649,0,0,526,0,533,566,601,0,0,0,0,601,558,603,0,0,0,0,0,0,0,0,0,0,0,0,0,0,0,0,0,0,0,0,0,0,0,0,0,0
0,0,0,0,0,0,0,0,0,0,0,0,0,0,0,0,0,0,0,0,0,0,0,0,0,0,0,0,0,0,0,0,0,0,0,0,0,0,0,0,0,0,0
0,0,0,0,0,0,0,0,0,0,0,0,0,0,0,0,0,0,0,0,0,0,0,0,0,0,0,0,0,0,0,0,0,0,0,0,0,0,0,0,0,0,0
0,0,0,0,0,0,0,0,0,0,0,0,0,0,0,0,0,0,0,0,0,0,0,0,0,0,0,0,0,0,0,0,0,0,0,0,0,0,0,0,0,0,0
422,422,660,0,0,537,0,512,564,588,0,0,0,0,588,550,603,0,0,0,0,0,0,0,0,0,0,0,0,0,0,0,0,0,0,0,0,0,0,0,0,0,0
341,341,626,0,0,530,0,489,564,598,0,0,0,0,598,540,654,0,0,0,0,0,0,0,0,0,0,0,0,0,0,0,0,0,0,0,0,0,0,0,0,0,0
0,0,0,0,0,0,0,0,0,2,0,0,0,0,2,0,2,0,0,0,0,0,0,0,0,0,0,0,0,0,0,0,0,0,0,0,0,0,0,0,0,0,0
351,351,605,0,0,501,0,477,532,584,0,0,0,0,584,520,635,0,0,0,0,0,0,0,0,0,0,0,0,0,0,0,0,0,0,0,0,0,0,0,0,0,0
379,379,636,0,0,555,0,529,580,605,0,0,0,0,605,559,635,0,0,0,0,0,0,0,0,0,0,0,0,0,0,0,0,0,0,0,0,0,0,0,0,0,0
0,0,0,0,0,0,0,0,0,0,0,0,0,0,0,0,0,0,0,0,0,0,0,0,0,0,0,0,0,0,0,0,0,0,0,0,0,0,0,0,0,0,0
0,0,0,0,0,0,0,0,0,0,0,0,0,0,0,0,0,0,0,0,0,0,0,0,0,0,0,0,0,0,0,0,0,0,0,0,0,0,0,0,0,0,0
418,418,657,0,0,516,0,492,565,585,0,0,0,0,585,543,592,0,0,0,0,0,0,0,0,0,0,0,0,0,0,0,0,0,0,0,0,0,0,0,0,0,0
0,0,0,0,0,0,0,0,0,0,0,0,0,0,0,0,0,0,0,0,0,0,0,0,0,0,0,0,0,0,0,0,0,0,0,0,0,0,0,0,0,0,0
0,0,0,0,0,0,0,0,0,0,0,0,0,0,0,0,0,0,0,0,0,0,0,0,0,0,0,0,0,0,0,0,0,0,0,0,0,0,0,0,0,0,0
0,0,0,0,0,0,0,0,0,0,0,0,0,0,0,0,0,0,0,0,0,0,0,0,0,0,0,0,0,0,0,0,0,0,0,0,0,0,0,0,0,0,0
0,0,0,0,0,0,0,0,0,0,0,0,0,0,0,0,0,0,0,0,0,0,0,0,0,0,0,0,0,0,0,0,0,0,0,0,0,0,0,0,0,0,0
459,459,641,0,0,525,0,495,551,571,0,0,0,0,571,545,594,0,0,0,0,0,0,0,0,0,0,0,0,0,0,0,0,0,0,0,0,0,0,0,0,0,0
0,0,0,0,0,0,0,0,0,0,0,0,0,0,0,0,0,0,0,0,0,0,0,0,0,0,0,0,0,0,0,0,0,0,0,0,0,0,0,0,0,0,0
0,0,0,0,0,0,0,0,0,0,0,0,0,0,0,0,0,0,0,0,0,0,0,0,0,0,0,0,0,0,0,0,0,0,0,0,0,0,0,0,0,0,0
0,0,0,0,0,0,0,0,0,0,0,0,0,0,0,0,0,0,0,0,0,0,0,0,0,0,0,0,0,0,0,0,0,0,0,0,0,0,0,0,0,0,0
428,428,689,0,0,549,0,524,582,566,0,0,0,0,566,553,583,0,0,0,0,0,0,0,0,0,0,0,0,0,0,0,0,0,0,0,0,0,0,0,0,0,0
0,0,0,0,0,0,0,0,0,0,0,0,0,0,0,0,0,0,0,0,0,0,0,0,0,0,0,0,0,0,0,0,0,0,0,0,0,0,0,0,0,0,0
0,0,0,0,0,0,0,0,0,0,0,0,0,0,0,0,0,0,0,0,0,0,0,0,0,0,0,0,0,0,0,0,0,0,0,0,0,0,0,0,0,0,0
0,0,0,0,0,0,0,0,0,0,0,0,0,0,0,0,0,0,0,0,0,0,0,0,0,0,0,0,0,0,0,0,0,0,0,0,0,0,0,0,0,0,0
0,0,0,0,0,0,0,0,0,0,0,0,0,0,0,0,0,0,0,0,0,0,0,0,0,0,0,0,0,0,0,0,0,0,0,0,0,0,0,0,0,0,0
0,0,0,0,0,0,0,0,0,0,0,0,0,0,0,0,0,0,0,0,0,0,0,0,0,0,0,0,0,0,0,0,0,0,0,0,0,0,0,0,0,0,0
334,334,590,0,0,493,0,445,513,606,0,0,0,0,606,557,646,0,0,0,0,0,0,0,0,0,0,0,0,0,0,0,0,0,0,0,0,0,0,0,0,0,0
350,350,593,0,0,502,0,473,513,576,0,0,0,0,576,549,622,0,0,0,0,0,0,0,0,0,0,0,0,0,0,0,0,0,0,0,0,0,0,0,0,0,0
334,334,606,0,0,471,0,457,519,609,0,0,0,0,609,544,650,0,0,0,0,0,0,0,0,0,0,0,0,0,0,0,0,0,0,0,0,0,0,0,0,0,0
982,982,1097,0,0,939,0,907,938,15,0,0,0,0,15,0,0,0,0,0,0,0,0,0,0,0,0,0,0,0,0,0,0,0,0,0,0,0,0,0,0,0,0
982,982,1097,0,0,939,0,907,938,15,0,0,0,0,15,0,0,0,0,0,0,0,0,0,0,0,0,0,0,0,0,0,0,0,0,0,0,0,0,0,0,0,0
991,991,1052,0,0,958,0,937,970,20,0,0,0,0,20,0,0,0,0,0,0,0,0,0,0,0,0,0,0,0,0,0,0,0,0,0,0,0,0,0,0,0,0
0,0,0,0,0,0,0,0,0,0,0,0,0,0,0,0,0,0,0,0,0,0,0,0,0,0,0,0,0,0,0,0,0,0,0,0,0,0,0,0,0,0,0
0,0,0,0,0,0,0,0,0,0,0,0,0,0,0,0,0,0,0,0,0,0,0,0,0,0,0,0,0,0,0,0,0,0,0,0,0,0,0,0,0,0,0
815,815,1063,0,0,1025,0,983,1032,19,0,0,0,0,19,0,0,0,0,0,0,0,0,0,0,0,0,0,0,0,0,0,0,0,0,0,0,0,0,0,0,0,0
1,1,2,0,0,1,1,1,0,0,0,0,0,0,0,0,0,0,0,0,0,0,0,0,0,0,0,0,0,0,0,0,0,0,0,0,0,0,0,0,0,0,0
812,812,1072,0,0,1014,0,1004,1071,15,0,0,0,0,15,0,0,0,0,0,0,0,0,0,0,0,0,0,0,0,0,0,0,0,0,0,0,0,0,0,0,0,0
845,845,1084,0,0,1021,0,985,1020,20,0,0,0,0,20,0,0,0,0,0,0,0,0,0,0,0,0,0,0,0,0,0,0,0,0,0,0,0,0,0,0,0,0
736,736,1177,0,0,1206,2,1141,1230,27,0,0,0,0,27,0,0,0,0,0,0,0,0,0,0,0,0,0,0,0,0,0,0,0,0,0,0,0,0,0,0,0,0
0,0,0,0,0,0,0,0,0,0,0,0,0,0,0,0,0,0,0,0,0,0,0,0,0,0,0,0,0,0,0,0,0,0,0,0,0,0,0,0,0,0,0
0,0,0,0,0,0,0,0,0,0,0,0,0,0,0,0,0,0,0,0,0,0,0,0,0,0,0,0,0,0,0,0,0,0,0,0,0,0,0,0,0,0,0
0,0,0,0,0,0,0,0,0,0,0,0,0,0,0,0,0,0,0,0,0,0,0,0,0,0,0,0,0,0,0,0,0,0,0,0,0,0,0,0,0,0,0
0,0,0,0,0,0,0,0,0,0,0,0,0,0,0,0,0,0,0,0,0,0,0,0,0,0,0,0,0,0,0,0,0,0,0,0,0,0,0,0,0,0,0
780,780,1182,0,0,1207,0,1157,1248,22,0,0,0,0,22,0,0,0,0,0,0,0,0,0,0,0,0,0,0,0,0,0,0,0,0,0,0,0,0,0,0,0,0
0,0,0,0,0,0,0,0,0,0,0,0,0,0,0,0,0,0,0,0,0,0,0,0,0,0,0,0,0,0,0,0,0,0,0,0,0,0,0,0,0,0,0
0,0,0,0,0,0,0,0,0,0,0,0,0,0,0,0,0,0,0,0,0,0,0,0,0,0,0,0,0,0,0,0,0,0,0,0,0,0,0,0,0,0,0
0,0,0,0,0,0,0,0,0,0,0,0,0,0,0,0,0,0,0,0,0,0,0,0,0,0,0,0,0,0,0,0,0,0,0,0,0,0,0,0,0,0,0
773,773,1142,0,0,1163,2,1157,1214,24,0,0,0,0,24,0,0,0,0,0,0,0,0,0,0,0,0,0,0,0,0,0,0,0,0,0,0,0,0,0,0,0,0
772,772,1270,0,0,1277,0,1207,1281,23,0,0,0,0,23,0,0,0,0,0,0,0,0,0,0,0,0,0,0,0,0,0,0,0,0,0,0,0,0,0,0,0,0
0,0,2,0,0,0,0,0,0,0,0,0,0,0,0,0,0,0,0,0,0,0,0,0,0,0,0,0,0,0,0,0,0,0,0,0,0,0,0,0,0,0,0
830,830,1232,0,0,1241,1,1241,1236,19,0,0,0,0,19,0,0,0,0,0,0,0,0,0,0,0,0,0,0,0,0,0,0,0,0,0,0,0,0,0,0,0,0
810,810,1301,0,0,1287,0,1230,1323,22,0,0,0,0,22,0,0,0,0,0,0,0,0,0,0,0,0,0,0,0,0,0,0,0,0,0,0,0,0,0,0,0,0
0,0,0,0,0,0,0,0,0,0,0,0,0,0,0,0,0,0,0,0,0,0,0,0,0,0,0,0,0,0,0,0,0,0,0,0,0,0,0,0,0,0,0
0,0,0,0,0,0,0,0,0,0,0,0,0,0,0,0,0,0,0,0,0,0,0,0,0,0,0,0,0,0,0,0,0,0,0,0,0,0,0,0,0,0,0
785,785,1152,0,0,1057,1,1037,1095,28,0,0,0,0,28,0,0,0,0,0,0,0,0,0,0,0,0,0,0,0,0,0,0,0,0,0,0,0,0,0,0,0,0
0,0,0,0,0,0,0,0,0,0,0,0,0,0,0,0,0,0,0,0,0,0,0,0,0,0,0,0,0,0,0,0,0,0,0,0,0,0,0,0,0,0,0
0,0,0,0,0,0,0,0,0,0,0,0,0,0,0,0,0,0,0,0,0,0,0,0,0,0,0,0,0,0,0,0,0,0,0,0,0,0,0,0,0,0,0
0,0,0,0,0,0,0,0,0,0,0,0,0,0,0,0,0,0,0,0,0,0,0,0,0,0,0,0,0,0,0,0,0,0,0,0,0,0,0,0,0,0,0
0,0,0,0,0,0,0,0,0,0,0,0,0,0,0,0,0,0,0,0,0,0,0,0,0,0,0,0,0,0,0,0,0,0,0,0,0,0,0,0,0,0,0
811,811,1110,0,0,1046,1,1020,1094,21,0,0,0,0,21,0,0,0,0,0,0,0,0,0,0,0,0,0,0,0,0,0,0,0,0,0,0,0,0,0,0,0,0
0,0,0,0,0,0,0,0,0,0,0,0,0,0,0,0,0,0,0,0,0,0,0,0,0,0,0,0,0,0,0,0,0,0,0,0,0,0,0,0,0,0,0
0,0,0,0,0,0,0,0,0,0,0,0,0,0,0,0,0,0,0,0,0,0,0,0,0,0,0,0,0,0,0,0,0,0,0,0,0,0,0,0,0,0,0
0,0,0,0,0,0,0,0,0,0,0,0,0,0,0,0,0,0,0,0,0,0,0,0,0,0,0,0,0,0,0,0,0,0,0,0,0,0,0,0,0,0,0
867,867,1204,0,0,1104,1,1026,1152,29,0,0,0,0,29,0,0,0,0,0,0,0,0,0,0,0,0,0,0,0,0,0,0,0,0,0,0,0,0,0,0,0,0
0,0,0,0,0,0,0,0,0,0,0,0,0,0,0,0,0,0,0,0,0,0,0,0,0,0,0,0,0,0,0,0,0,0,0,0,0,0,0,0,0,0,0
0,0,0,0,0,0,0,0,0,0,0,0,0,0,0,0,0,0,0,0,0,0,0,0,0,0,0,0,0,0,0,0,0,0,0,0,0,0,0,0,0,0,0
0,0,0,0,0,0,0,0,0,0,0,0,0,0,0,0,0,0,0,0,0,0,0,0,0,0,0,0,0,0,0,0,0,0,0,0,0,0,0,0,0,0,0
0,0,0,0,0,0,0,0,0,0,0,0,0,0,0,0,0,0,0,0,0,0,0,0,0,0,0,0,0,0,0,0,0,0,0,0,0,0,0,0,0,0,0
0,0,0,0,0,0,0,0,0,0,0,0,0,0,0,0,0,0,0,0,0,0,0,0,0,0,0,0,0,0,0,0,0,0,0,0,0,0,0,0,0,0,0
744,744,1349,0,0,1471,1,1391,1455,24,0,0,0,0,24,0,0,0,0,0,0,0,0,0,0,0,0,0,0,0,0,0,0,0,0,0,0,0,0,0,0,0,0
792,792,1304,0,0,1391,0,1330,1364,15,0,0,0,0,15,0,0,0,0,0,0,0,0,0,0,0,0,0,0,0,0,0,0,0,0,0,0,0,0,0,0,0,0
795,795,1335,0,0,1376,1,1310,1339,14,0,0,0,0,14,0,0,0,0,0,0,0,0,0,0,0,0,0,0,0,0,0,0,0,0,0,0,0,0,0,0,0,0
804,804,849,0,0,884,0,821,939,0,0,0,0,0,0,0,0,0,0,0,0,0,0,0,0,201,0,0,0,0,0,0,0,0,0,0,0,0,0,0,0,0,0
804,804,849,0,0,884,0,821,939,0,0,0,0,0,0,0,0,0,0,0,0,0,0,0,0,201,0,0,0,0,0,0,0,0,0,0,0,0,0,0,0,0,0
732,732,487,0,0,697,0,641,723,0,0,0,0,0,0,0,0,0,0,0,0,0,0,0,0,186,0,0,0,0,0,0,0,0,0,0,0,0,0,0,0,0,0
0,0,0,0,0,0,0,0,0,0,0,0,0,0,0,0,0,0,0,0,0,0,0,0,0,0,0,0,0,0,0,0,0,0,0,0,0,0,0,0,0,0,0
0,0,0,0,0,0,0,0,0,0,0,0,0,0,0,0,0,0,0,0,0,0,0,0,0,0,0,0,0,0,0,0,0,0,0,0,0,0,0,0,0,0,0
558,558,482,0,0,603,0,591,619,0,0,0,0,0,0,0,0,0,0,0,0,0,0,0,0,192,0,0,0,0,0,0,0,0,0,0,0,0,0,0,0,0,0
0,0,0,0,0,0,0,0,0,0,0,0,0,0,0,0,0,0,0,0,0,0,0,0,0,0,0,0,0,0,0,0,0,0,0,0,0,0,0,0,0,0,0
569,569,500,0,0,617,0,617,623,0,0,0,0,0,0,0,0,0,0,0,0,0,0,0,0,199,0,0,0,0,0,0,0,0,0,0,0,0,0,0,0,0,0
547,547,539,0,0,584,0,597,597,0,0,0,0,0,0,0,0,0,0,0,0,0,0,0,0,194,0,0,0,0,0,0,0,0,0,0,0,0,0,0,0,0,0
268,268,347,0,0,403,0,389,413,0,0,0,0,0,0,0,0,0,0,0,0,0,0,0,0,159,0,0,0,0,0,0,0,0,0,0,0,0,0,0,0,0,0
0,0,0,0,0,0,0,0,0,0,0,0,0,0,0,0,0,0,0,0,0,0,0,0,0,0,0,0,0,0,0,0,0,0,0,0,0,0,0,0,0,0,0
0,0,0,0,0,0,0,0,0,0,0,0,0,0,0,0,0,0,0,0,0,0,0,0,0,0,0,0,0,0,0,0,0,0,0,0,0,0,0,0,0,0,0
0,0,0,0,0,0,0,0,0,0,0,0,0,0,0,0,0,0,0,0,0,0,0,0,0,0,0,0,0,0,0,0,0,0,0,0,0,0,0,0,0,0,0
0,0,0,0,0,0,0,0,0,0,0,0,0,0,0,0,0,0,0,0,0,0,0,0,0,0,0,0,0,0,0,0,0,0,0,0,0,0,0,0,0,0,0
278,278,351,0,0,405,0,413,408,0,0,0,0,0,0,0,0,0,0,0,0,0,0,0,0,148,0,0,0,0,0,0,0,0,0,0,0,0,0,0,0,0,0
0,0,0,0,0,0,0,0,0,0,0,0,0,0,0,0,0,0,0,0,0,0,0,0,0,0,0,0,0,0,0,0,0,0,0,0,0,0,0,0,0,0,0
0,0,0,0,0,0,0,0,0,0,0,0,0,0,0,0,0,0,0,0,0,0,0,0,0,0,0,0,0,0,0,0,0,0,0,0,0,0,0,0,0,0,0
0,0,0,0,0,0,0,0,0,0,0,0,0,0,0,0,0,0,0,0,0,0,0,0,0,0,0,0,0,0,0,0,0,0,0,0,0,0,0,0,0,0,0
274,274,348,0,0,409,0,406,420,0,0,0,0,0,0,0,0,0,0,0,0,0,0,0,0,164,0,0,0,0,0,0,0,0,0,0,0,0,0,0,0,0,0
210,210,305,0,0,319,0,321,320,0,0,0,0,0,0,0,0,0,0,0,0,0,0,0,0,144,0,0,0,0,0,0,0,0,0,0,0,0,0,0,0,0,0
0,0,0,0,0,0,0,0,0,0,0,0,0,0,0,0,0,0,0,0,0,0,0,0,0,0,0,0,0,0,0,0,0,0,0,0,0,0,0,0,0,0,0
202,202,304,0,0,301,0,309,303,0,0,0,0,0,0,0,0,0,0,0,0,0,0,0,0,141,0,0,0,0,0,0,0,0,0,0,0,0,0,0,0,0,0
240,240,312,0,0,320,0,315,339,0,0,0,0,0,0,0,0,0,0,0,0,0,0,0,0,144,0,0,0,0,0,0,0,0,0,0,0,0,0,0,0,0,0
0,0,0,0,0,0,0,0,0,0,0,0,0,0,0,0,0,0,0,0,0,0,0,0,0,0,0,0,0,0,0,0,0,0,0,0,0,0,0,0,0,0,0
0,0,0,0,0,0,0,0,0,0,0,0,0,0,0,0,0,0,0,0,0,0,0,0,0,0,0,0,0,0,0,0,0,0,0,0,0,0,0,0,0,0,0
356,356,421,0,0,495,0,450,510,0,0,0,0,0,0,0,0,0,0,0,0,0,0,0,0,156,0,0,0,0,0,0,0,0,0,0,0,0,0,0,0,0,0
0,0,0,0,0,0,0,0,0,0,0,0,0,0,0,0,0,0,0,0,0,0,0,0,0,0,0,0,0,0,0,0,0,0,0,0,0,0,0,0,0,0,0
0,0,0,0,0,0,0,0,0,0,0,0,0,0,0,0,0,0,0,0,0,0,0,0,0,0,0,0,0,0,0,0,0,0,0,0,0,0,0,0,0,0,0
0,0,0,0,0,0,0,0,0,0,0,0,0,0,0,0,0,0,0,0,0,0,0,0,0,0,0,0,0,0,0,0,0,0,0,0,0,0,0,0,0,0,0
0,0,0,0,0,0,0,0,0,0,0,0,0,0,0,0,0,0,0,0,0,0,0,0,0,0,0,0,0,0,0,0,0,0,0,0,0,0,0,0,0,0,0
392,392,421,0,0,457,0,449,480,0,0,0,0,0,0,0,0,0,0,0,0,0,0,0,0,148,0,0,0,0,0,0,0,0,0,0,0,0,0,0,0,0,0
0,0,0,0,0,0,0,0,0,0,0,0,0,0,0,0,0,0,0,0,0,0,0,0,0,0,0,0,0,0,0,0,0,0,0,0,0,0,0,0,0,0,0
0,0,0,0,0,0,0,0,0,0,0,0,0,0,0,0,0,0,0,0,0,0,0,0,0,0,0,0,0,0,0,0,0,0,0,0,0,0,0,0,0,0,0
0,0,0,0,0,0,0,0,0,0,0,0,0,0,0,0,0,0,0,0,0,0,0,0,0,0,0,0,0,0,0,0,0,0,0,0,0,0,0,0,0,0,0
372,372,403,0,0,508,0,471,536,0,0,0,0,0,0,0,0,0,0,0,0,0,0,0,0,160,0,0,0,0,0,0,0,0,0,0,0,0,0,0,0,0,0
0,0,0,0,0,0,0,0,0,0,0,0,0,0,0,0,0,0,0,0,0,0,0,0,0,0,0,0,0,0,0,0,0,0,0,0,0,0,0,0,0,0,0
0,0,0,0,0,0,0,0,0,0,0,0,0,0,0,0,0,0,0,0,0,0,0,0,0,0,0,0,0,0,0,0,0,0,0,0,0,0,0,0,0,0,0
0,0,0,0,0,0,0,0,0,0,0,0,0,0,0,0,0,0,0,0,0,0,0,0,0,0,0,0,0,0,0,0,0,0,0,0,0,0,0,0,0,0,0
0,0,0,0,0,0,0,0,0,0,0,0,0,0,0,0,0,0,0,0,0,0,0,0,0,0,0,0,0,0,0,0,0,0,0,0,0,0,0,0,0,0,0
0,0,0,0,0,0,0,0,0,0,0,0,0,0,0,0,0,0,0,0,0,0,0,0,0,0,0,0,0,0,0,0,0,0,0,0,0,0,0,0,0,0,0
175,175,265,0,0,275,0,259,275,0,0,0,0,0,0,0,0,0,0,0,0,0,0,0,0,117,0,0,0,0,0,0,0,0,0,0,0,0,0,0,0,0,0
187,187,253,0,0,271,0,247,280,0,0,0,0,0,0,0,0,0,0,0,0,0,0,0,0,119,0,0,0,0,0,0,0,0,0,0,0,0,0,0,0,0,0
182,182,287,0,0,273,0,258,270,0,0,0,0,0,0,0,0,0,0,0,0,0,0,0,0,109,0,0,0,0,0,0,0,0,0,0,0,0,0,0,0,0,0
545,545,592,0,0,493,0,490,471,0,0,0,0,0,0,0,0,0,0,452,0,452,0,482,454,453,0,0,0,0,462,0,0,0,457,0,0,0,0,0,0,0,0
545,545,592,0,0,493,0,490,471,0,0,0,0,0,0,0,0,0,0,452,0,452,0,482,454,453,0,0,0,0,462,0,0,0,457,0,0,0,0,0,0,0,0
578,578,515,0,0,487,0,483,531,0,0,0,0,0,0,0,0,0,0,585,0,585,0,586,558,505,0,0,0,0,510,0,0,0,518,0,0,0,0,0,0,0,0
0,0,0,0,0,0,0,0,0,0,0,0,0,0,0,0,0,0,0,0,0,0,0,0,0,0,0,0,0,0,0,0,0,0,0,0,0,0,0,0,0,0,0
0,0,0,0,0,0,0,0,0,0,0,0,0,0,0,0,0,0,0,0,0,0,0,0,0,0,0,0,0,0,0,0,0,0,0,0,0,0,0,0,0,0,0
457,457,470,0,0,511,0,492,522,0,0,0,0,0,0,0,0,0,0,558,0,558,0,558,562,502,0,0,0,0,474,0,0,0,515,0,0,0,0,0,0,0,0
0,0,0,0,0,0,0,0,0,0,0,0,0,0,0,0,0,0,0,0,0,0,0,0,0,0,0,0,0,0,0,0,0,0,0,0,0,0,0,0,0,0,0
472,472,473,0,0,492,0,510,492,0,0,0,0,0,0,0,0,0,0,529,0,529,0,518,552,471,0,0,0,0,486,0,0,0,502,0,0,0,0,0,0,0,0
478,478,510,0,0,517,0,504,508,0,0,0,0,0,0,0,0,0,0,570,0,570,0,567,580,511,0,0,0,0,496,0,0,0,519,0,0,0,0,0,0,0,0
318,318,434,0,0,499,0,480,495,0,0,0,0,0,0,0,0,0,0,594,0,594,0,556,624,476,0,0,0,0,464,0,0,0,495,0,0,0,0,0,0,0,0
0,0,0,0,0,0,0,0,0,0,0,0,0,0,0,0,0,0,0,0,0,0,0,0,0,0,0,0,0,0,0,0,0,0,0,0,0,0,0,0,0,0,0
0,0,0,0,0,0,0,0,0,0,0,0,0,0,0,0,0,0,0,0,0,0,0,0,0,0,0,0,0,0,0,0,0,0,0,0,0,0,0,0,0,0,0
0,0,0,0,0,0,0,0,0,0,0,0,0,0,0,0,0,0,0,0,0,0,0,0,0,0,0,0,0,0,0,0,0,0,0,0,0,0,0,0,0,0,0
0,0,0,0,0,0,0,0,0,0,0,0,0,0,0,0,0,0,0,0,0,0,0,0,0,0,0,0,0,0,0,0,0,0,0,0,0,0,0,0,0,0,0
313,313,426,0,0,466,0,476,483,0,0,0,0,0,0,0,0,0,0,564,0,564,0,549,599,468,0,0,0,0,482,0,0,0,479,0,0,0,0,0,0,0,0
0,0,0,0,0,0,0,0,0,0,0,0,0,0,0,0,0,0,0,0,0,0,0,0,0,0,0,0,0,0,0,0,0,0,0,0,0,0,0,0,0,0,0
0,0,0,0,0,0,0,0,0,0,0,0,0,0,0,0,0,0,0,0,0,0,0,0,0,0,0,0,0,0,0,0,0,0,0,0,0,0,0,0,0,0,0
0,0,0,0,0,0,0,0,0,0,0,0,0,0,0,0,0,0,0,0,0,0,0,0,0,0,0,0,0,0,0,0,0,0,0,0,0,0,0,0,0,0,0
356,356,449,0,0,518,0,467,530,0,0,0,0,0,0,0,0,0,0,622,0,622,0,575,660,496,0,0,0,0,498,0,0,0,501,0,0,0,0,0,0,0,0
286,286,435,0,0,464,0,434,495,0,0,0,0,0,0,0,0,0,0,579,0,579,0,530,599,463,0,0,0,0,470,0,0,0,448,0,0,0,0,0,0,0,0
1,1,1,0,0,0,0,0,0,0,0,0,0,0,0,0,0,0,0,0,0,0,0,0,0,0,0,0,0,0,0,0,0,0,0,0,0,0,0,0,0,0,0
312,312,425,0,0,464,0,452,491,0,0,0,0,0,0,0,0,0,0,539,0,539,0,503,591,462,0,0,0,0,479,0,0,0,428,0,0,0,0,0,0,0,0
303,303,443,0,0,457,0,457,503,0,0,0,0,0,0,0,0,0,0,585,0,585,0,523,637,467,0,0,0,0,488,0,0,0,464,0,0,0,0,0,0,0,0
0,0,0,0,0,0,0,0,0,0,0,0,0,0,0,0,0,0,0,0,0,0,0,0,0,0,0,0,0,0,0,0,0,0,0,0,0,0,0,0,0,0,0
0,0,0,0,0,0,0,0,0,0,0,0,0,0,0,0,0,0,0,0,0,0,0,0,0,0,0,0,0,0,0,0,0,0,0,0,0,0,0,0,0,0,0
388,388,476,0,0,525,0,483,517,0,0,0,0,0,0,0,0,0,0,571,0,571,0,530,578,467,0,0,0,0,455,0,0,0,459,0,0,0,0,0,0,0,0
0,0,0,0,0,0,0,0,0,0,0,0,0,0,0,0,0,0,0,0,0,0,0,0,0,0,0,0,0,0,0,0,0,0,0,0,0,0,0,0,0,0,0
0,0,0,0,0,0,0,0,0,0,0,0,0,0,0,0,0,0,0,0,0,0,0,0,0,0,0,0,0,0,0,0,0,0,0,0,0,0,0,0,0,0,0
0,0,0,0,0,0,0,0,0,0,0,0,0,0,0,0,0,0,0,0,0,0,0,0,0,0,0,0,0,0,0,0,0,0,0,0,0,0,0,0,0,0,0
0,0,0,0,0,0,0,0,0,0,0,0,0,0,0,0,0,0,0,0,0,0,0,0,0,0,0,0,0,0,0,0,0,0,0,0,0,0,0,0,0,0,0
408,408,465,0,0,502,0,488,510,0,0,0,0,0,0,0,0,0,0,558,0,558,0,533,581,470,0,0,0,0,471,0,0,0,451,0,0,0,0,0,0,0,0
0,0,0,0,0,0,0,0,0,0,0,0,0,0,0,0,0,0,0,0,0,0,0,0,0,0,0,0,0,0,0,0,0,0,0,0,0,0,0,0,0,0,0
0,0,0,0,0,0,0,0,0,0,0,0,0,0,0,0,0,0,0,0,0,0,0,0,0,0,0,0,0,0,0,0,0,0,0,0,0,0,0,0,0,0,0
0,0,0,0,0,0,0,0,0,0,0,0,0,0,0,0,0,0,0,0,0,0,0,0,0,0,0,0,0,0,0,0,0,0,0,0,0,0,0,0,0,0,0
387,387,480,0,0,493,0,482,533,0,0,0,0,0,0,0,0,0,0,535,0,535,0,496,553,456,0,0,0,0,465,0,0,0,447,0,0,0,0,0,0,0,0
0,0,0,0,0,0,0,0,0,0,0,0,0,0,0,0,0,0,0,0,0,0,0,0,0,0,0,0,0,0,0,0,0,0,0,0,0,0,0,0,0,0,0
0,0,0,0,0,0,0,0,0,0,0,0,0,0,0,0,0,0,0,0,0,0,0,0,0,0,0,0,0,0,0,0,0,0,0,0,0,0,0,0,0,0,0
0,0,0,0,0,0,0,0,0,0,0,0,0,0,0,0,0,0,0,0,0,0,0,0,0,0,0,0,0,0,0,0,0,0,0,0,0,0,0,0,0,0,0
0,0,0,0,0,0,0,0,0,0,0,0,0,0,0,0,0,0,0,0,0,0,0,0,0,0,0,0,0,0,0,0,0,0,0,0,0,0,0,0,0,0,0
0,0,0,0,0,0,0,0,0,0,0,0,0,0,0,0,0,0,0,0,0,0,0,0,0,0,0,0,0,0,0,0,0,0,0,0,0,0,0,0,0,0,0
228,228,382,0,0,408,0,386,428,0,0,0,0,0,0,0,0,0,0,597,0,597,0,499,659,459,0,0,0,0,445,0,0,0,439,0,0,0,0,0,0,0,0
258,258,399,0,0,426,0,414,437,0,0,0,0,0,0,0,0,0,0,572,0,572,0,507,626,448,0,0,0,0,453,0,0,0,462,0,0,0,0,0,0,0,0
251,251,377,0,0,398,0,377,434,0,0,0,0,0,0,0,0,0,0,575,0,575,0,508,635,437,0,0,0,0,441,0,0,0,420,0,0,0,0,0,0,0,0
1373,1373,1660,0,0,1285,0,1255,1308,0,0,0,0,0,0,0,0,0,0,11,0,11,0,0,0,1229,0,0,0,0,1260,0,0,0,1214,0,0,0,0,0,0,0,0
1373,1373,1660,0,0,1285,0,1255,1308,0,0,0,0,0,0,0,0,0,0,11,0,11,0,0,0,1229,0,0,0,0,1260,0,0,0,1214,0,0,0,0,0,0,0,0
1519,1519,1395,0,0,1346,1,1326,1419,0,0,0,0,0,0,0,0,0,0,14,0,14,0,0,0,1316,0,0,0,0,1323,0,0,0,1334,0,0,0,0,0,0,0,0
0,0,0,0,0,0,0,0,0,0,0,0,0,0,0,0,0,0,0,0,0,0,0,0,0,0,0,0,0,0,0,0,0,0,0,0,0,0,0,0,0,0,0
0,0,0,0,0,0,0,0,0,0,0,0,0,0,0,0,0,0,0,0,0,0,0,0,0,0,0,0,0,0,0,0,0,0,0,0,0,0,0,0,0,0,0
1147,1147,1489,0,0,1498,1,1436,1489,0,0,0,0,0,0,0,0,0,0,18,0,18,0,0,0,1555,0,0,0,0,1549,0,0,0,1556,0,0,0,0,0,0,0,0
0,0,1,0,0,0,1,0,0,0,0,0,0,0,0,0,0,0,0,0,0,0,0,0,0,0,0,0,0,0,0,0,0,0,0,0,0,0,0,0,0,0,0
1161,1161,1486,0,0,1433,1,1438,1507,0,0,0,0,0,0,0,0,0,0,20,0,20,0,0,0,1514,0,0,0,0,1522,0,0,0,1518,0,0,0,0,0,0,0,0
1162,1162,1519,0,0,1510,0,1470,1518,0,0,0,0,0,0,0,0,0,0,23,0,23,0,0,0,1563,0,0,0,0,1522,0,0,0,1554,0,0,0,0,0,0,0,0
852,852,1262,0,0,1651,0,1583,1656,0,0,0,0,0,0,0,0,0,0,43,0,43,0,0,0,1758,0,0,0,0,1688,0,0,0,1733,0,0,0,0,0,0,0,0
0,0,0,0,0,0,0,0,0,0,0,0,0,0,0,0,0,0,0,0,0,0,0,0,0,0,0,0,0,0,0,0,0,0,0,0,0,0,0,0,0,0,0
0,0,0,0,0,0,0,0,0,0,0,0,0,0,0,0,0,0,0,0,0,0,0,0,0,0,0,0,0,0,0,0,0,0,0,0,0,0,0,0,0,0,0
0,0,0,0,0,0,0,0,0,0,0,0,0,0,0,0,0,0,0,0,0,0,0,0,0,0,0,0,0,0,0,0,0,0,0,0,0,0,0,0,0,0,0
0,0,0,0,0,0,0,0,0,0,0,0,0,0,0,0,0,0,0,0,0,0,0,0,0,0,0,0,0,0,0,0,0,0,0,0,0,0,0,0,0,0,0
862,862,1298,0,0,1606,0,1600,1620,0,0,0,0,0,0,0,0,0,0,35,0,35,0,0,0,1671,0,0,0,0,1679,0,0,0,1708,0,0,0,0,0,0,0,0
0,0,0,0,0,0,0,0,0,0,0,0,0,0,0,0,0,0,0,0,0,0,0,0,0,0,0,0,0,0,0,0,0,0,0,0,0,0,0,0,0,0,0
0,0,0,0,0,0,0,0,0,0,0,0,0,0,0,0,0,0,0,0,0,0,0,0,0,0,0,0,0,0,0,0,0,0,0,0,0,0,0,0,0,0,0
0,0,0,0,0,0,0,0,0,0,0,0,0,0,0,0,0,0,0,0,0,0,0,0,0,0,0,0,0,0,0,0,0,0,0,0,0,0,0,0,0,0,0
924,924,1281,0,0,1691,0,1625,1699,0,0,0,0,0,0,0,0,0,0,39,0,39,0,0,0,1706,0,0,0,0,1694,0,0,0,1709,0,0,0,0,0,0,0,0
800,800,1240,0,0,1614,1,1539,1658,0,0,0,0,0,0,0,0,0,0,48,0,48,0,0,0,1823,0,0,0,0,1742,0,0,0,1823,0,0,0,0,0,0,0,0
1,1,2,0,0,1,1,1,1,0,0,0,0,0,0,0,0,0,0,0,0,0,0,0,0,0,0,0,0,0,1,0,0,0,0,0,0,0,0,0,0,0,0
838,838,1241,0,0,1582,1,1567,1657,0,0,0,0,0,0,0,0,0,0,46,0,46,0,0,0,1781,0,0,0,0,1777,0,0,0,1797,0,0,0,0,0,0,0,0
889,889,1309,0,0,1643,0,1563,1669,0,0,0,0,0,0,0,0,0,0,41,0,41,0,0,0,1812,0,0,0,0,1774,0,0,0,1861,0,0,0,0,0,0,0,0
0,0,0,0,0,0,0,0,0,0,0,0,0,0,0,0,0,0,0,0,0,0,0,0,0,0,0,0,0,0,0,0,0,0,0,0,0,0,0,0,0,0,0
0,0,0,0,0,0,0,0,0,0,0,0,0,0,0,0,0,0,0,0,0,0,0,0,0,0,0,0,0,0,0,0,0,0,0,0,0,0,0,0,0,0,0
1062,1062,1460,0,0,1576,1,1512,1625,0,0,0,0,0,0,0,0,0,0,34,0,34,0,0,0,1619,0,0,0,0,1611,0,0,0,1617,0,0,0,0,0,0,0,0
0,0,0,0,0,0,0,0,0,0,0,0,0,0,0,0,0,0,0,0,0,0,0,0,0,0,0,0,0,0,0,0,0,0,0,0,0,0,0,0,0,0,0
0,0,0,0,0,0,0,0,0,0,0,0,0,0,0,0,0,0,0,0,0,0,0,0,0,0,0,0,0,0,0,0,0,0,0,0,0,0,0,0,0,0,0
0,0,0,0,0,0,0,0,0,0,0,0,0,0,0,0,0,0,0,0,0,0,0,0,0,0,0,0,0,0,0,0,0,0,0,0,0,0,0,0,0,0,0
0,0,0,0,0,0,0,0,0,0,0,0,0,0,0,0,0,0,0,0,0,0,0,0,0,0,0,0,0,0,0,0,0,0,0,0,0,0,0,0,0,0,0
1095,1095,1460,0,0,1545,0,1521,1589,0,0,0,0,0,0,0,0,0,0,30,0,30,0,0,0,1611,0,0,0,0,1613,0,0,0,1586,0,0,0,0,0,0,0,0
0,0,0,0,0,0,0,0,0,0,0,0,0,0,0,0,0,0,0,0,0,0,0,0,0,0,0,0,0,0,0,0,0,0,0,0,0,0,0,0,0,0,0
0,0,0,0,0,0,0,0,0,0,0,0,0,0,0,0,0,0,0,0,0,0,0,0,0,0,0,0,0,0,0,0,0,0,0,0,0,0,0,0,0,0,0
0,0,0,0,0,0,0,0,0,0,0,0,0,0,0,0,0,0,0,0,0,0,0,0,0,0,0,0,0,0,0,0,0,0,0,0,0,0,0,0,0,0,0
1056,1056,1476,0,0,1600,1,1497,1646,0,0,0,0,0,0,0,0,0,0,34,0,34,0,0,0,1633,0,0,0,0,1643,0,0,0,1623,0,0,0,0,0,0,0,0
0,0,0,0,0,0,0,0,0,0,0,0,0,0,0,0,0,0,0,0,0,0,0,0,0,0,0,0,0,0,0,0,0,0,0,0,0,0,0,0,0,0,0
0,0,0,0,0,0,0,0,0,0,0,0,0,0,0,0,0,0,0,0,0,0,0,0,0,0,0,0,0,0,0,0,0,0,0,0,0,0,0,0,0,0,0
0,0,0,0,0,0,0,0,0,0,0,0,0,0,0,0,0,0,0,0,0,0,0,0,0,0,0,0,0,0,0,0,0,0,0,0,0,0,0,0,0,0,0
0,0,0,0,0,0,0,0,0,0,0,0,0,0,0,0,0,0,0,0,0,0,0,0,0,0,0,0,0,0,0,0,0,0,0,0,0,0,0,0,0,0,0
0,0,0,0,0,0,0,0,0,0,0,0,0,0,0,0,0,0,0,0,0,0,0,0,0,0,0,0,0,0,0,0,0,0,0,0,0,0,0,0,0,0,0
773,773,1137,0,0,1708,1,1595,1720,0,0,0,0,0,0,0,0,0,0,42,0,42,0,0,0,2091,0,0,0,0,2024,0,0,0,2079,0,0,0,0,0,0,0,0
797,797,1142,0,0,1679,1,1555,1684,0,0,0,0,0,0,0,0,0,0,33,0,33,0,0,0,1957,0,0,0,0,1919,0,0,0,1958,0,0,0,0,0,0,0,0
829,829,1145,0,0,1698,0,1614,1717,0,0,0,0,0,0,0,0,0,0,30,0,30,0,0,0,1987,0,0,0,0,1936,0,0,0,1980,0,0,0,0,0,0,0,0
1110,1110,1101,1138,1098,0,0,0,0,0,0,0,0,0,0,0,0,0,0,0,0,0,0,0,0,0,0,0,0,0,0,0,0,0,0,0,0,0,0,0,0,0,0
1110,1110,1101,1138,1098,0,0,0,0,0,0,0,0,0,0,0,0,0,0,0,0,0,0,0,0,0,0,0,0,0,0,0,0,0,0,0,0,0,0,0,0,0,0
1242,1242,1107,1237,1069,0,0,0,0,0,0,0,0,0,0,0,0,0,0,0,0,0,0,0,0,0,0,0,0,0,0,0,0,0,0,0,0,0,0,0,0,0,0
0,0,0,0,0,0,0,0,0,0,0,0,0,0,0,0,0,0,0,0,0,0,0,0,0,0,0,0,0,0,0,0,0,0,0,0,0,0,0,0,0,0,0
0,0,0,0,0,0,0,0,0,0,0,0,0,0,0,0,0,0,0,0,0,0,0,0,0,0,0,0,0,0,0,0,0,0,0,0,0,0,0,0,0,0,0
909,909,1058,1153,1054,0,0,0,0,0,0,0,0,0,0,0,0,0,0,0,0,0,0,0,0,0,0,0,0,0,0,0,0,0,0,0,0,0,0,0,0,0,0
0,0,0,0,0,0,0,0,0,0,0,0,0,0,0,0,0,0,0,0,0,0,0,0,0,0,0,0,0,0,0,0,0,0,0,0,0,0,0,0,0,0,0
917,917,1053,1130,1015,0,0,0,0,0,0,0,0,0,0,0,0,0,0,0,0,0,0,0,0,0,0,0,0,0,0,0,0,0,0,0,0,0,0,0,0,0,0
934,934,1080,1149,1045,0,0,0,0,0,0,0,0,0,0,0,0,0,0,0,0,0,0,0,0,0,0,0,0,0,0,0,0,0,0,0,0,0,0,0,0,0,0
776,776,1127,1164,1112,0,0,0,0,0,0,0,0,0,0,0,0,0,0,0,0,0,0,0,0,0,0,0,0,0,0,0,0,0,0,0,0,0,0,0,0,0,0
0,0,0,0,0,0,0,0,0,0,0,0,0,0,0,0,0,0,0,0,0,0,0,0,0,0,0,0,0,0,0,0,0,0,0,0,0,0,0,0,0,0,0
0,0,0,0,0,0,0,0,0,0,0,0,0,0,0,0,0,0,0,0,0,0,0,0,0,0,0,0,0,0,0,0,0,0,0,0,0,0,0,0,0,0,0
0,0,0,0,0,0,0,0,0,0,0,0,0,0,0,0,0,0,0,0,0,0,0,0,0,0,0,0,0,0,0,0,0,0,0,0,0,0,0,0,0,0,0
0,0,0,0,0,0,0,0,0,0,0,0,0,0,0,0,0,0,0,0,0,0,0,0,0,0,0,0,0,0,0,0,0,0,0,0,0,0,0,0,0,0,0
809,809,1097,1142,1075,0,0,0,0,0,0,0,0,0,0,0,0,0,0,0,0,0,0,0,0,0,0,0,0,0,0,0,0,0,0,0,0,0,0,0,0,0,0
0,0,0,0,0,0,0,0,0,0,0,0,0,0,0,0,0,0,0,0,0,0,0,0,0,0,0,0,0,0,0,0,0,0,0,0,0,0,0,0,0,0,0
0,0,0,0,0,0,0,0,0,0,0,0,0,0,0,0,0,0,0,0,0,0,0,0,0,0,0,0,0,0,0,0,0,0,0,0,0,0,0,0,0,0,0
0,0,0,0,0,0,0,0,0,0,0,0,0,0,0,0,0,0,0,0,0,0,0,0,0,0,0,0,0,0,0,0,0,0,0,0,0,0,0,0,0,0,0
823,823,1104,1150,1114,0,0,0,0,0,0,0,0,0,0,0,0,0,0,0,0,0,0,0,0,0,0,0,0,0,0,0,0,0,0,0,0,0,0,0,0,0,0
760,760,1083,1133,1096,0,0,0,0,0,0,0,0,0,0,0,0,0,0,0,0,0,0,0,0,0,0,0,0,0,0,0,0,0,0,0,0,0,0,0,0,0,0
0,0,0,0,0,0,0,0,0,0,0,0,0,0,0,0,0,0,0,0,0,0,0,0,0,0,0,0,0,0,0,0,0,0,0,0,0,0,0,0,0,0,0
791,791,1100,1122,1103,0,0,0,0,0,0,0,0,0,0,0,0,0,0,0,0,0,0,0,0,0,0,0,0,0,0,0,0,0,0,0,0,0,0,0,0,0,0
800,800,1098,1110,1084,0,0,0,0,0,0,0,0,0,0,0,0,0,0,0,0,0,0,0,0,0,0,0,0,0,0,0,0,0,0,0,0,0,0,0,0,0,0
0,0,0,0,0,0,0,0,0,0,0,0,0,0,0,0,0,0,0,0,0,0,0,0,0,0,0,0,0,0,0,0,0,0,0,0,0,0,0,0,0,0,0
0,0,0,0,0,0,0,0,0,0,0,0,0,0,0,0,0,0,0,0,0,0,0,0,0,0,0,0,0,0,0,0,0,0,0,0,0,0,0,0,0,0,0
958,958,1153,1177,1146,0,0,0,0,0,0,0,0,0,0,0,0,0,0,0,0,0,0,0,0,0,0,0,0,0,0,0,0,0,0,0,0,0,0,0,0,0,0
0,0,0,0,0,0,0,0,0,0,0,0,0,0,0,0,0,0,0,0,0,0,0,0,0,0,0,0,0,0,0,0,0,0,0,0,0,0,0,0,0,0,0
0,0,0,0,0,0,0,0,0,0,0,0,0,0,0,0,0,0,0,0,0,0,0,0,0,0,0,0,0,0,0,0,0,0,0,0,0,0,0,0,0,0,0
0,0,0,0,0,0,0,0,0,0,0,0,0,0,0,0,0,0,0,0,0,0,0,0,0,0,0,0,0,0,0,0,0,0,0,0,0,0,0,0,0,0,0
0,0,0,0,0,0,0,0,0,0,0,0,0,0,0,0,0,0,0,0,0,0,0,0,0,0,0,0,0,0,0,0,0,0,0,0,0,0,0,0,0,0,0
958,958,1125,1136,1109,0,0,0,0,0,0,0,0,0,0,0,0,0,0,0,0,0,0,0,0,0,0,0,0,0,0,0,0,0,0,0,0,0,0,0,0,0,0
0,0,0,0,0,0,0,0,0,0,0,0,0,0,0,0,0,0,0,0,0,0,0,0,0,0,0,0,0,0,0,0,0,0,0,0,0,0,0,0,0,0,0
0,0,0,0,0,0,0,0,0,0,0,0,0,0,0,0,0,0,0,0,0,0,0,0,0,0,0,0,0,0,0,0,0,0,0,0,0,0,0,0,0,0,0
0,0,0,0,0,0,0,0,0,0,0,0,0,0,0,0,0,0,0,0,0,0,0,0,0,0,0,0,0,0,0,0,0,0,0,0,0,0,0,0,0,0,0
959,959,1188,1197,1148,0,0,0,0,0,0,0,0,0,0,0,0,0,0,0,0,0,0,0,0,0,0,0,0,0,0,0,0,0,0,0,0,0,0,0,0,0,0
0,0,0,0,0,0,0,0,0,0,0,0,0,0,0,0,0,0,0,0,0,0,0,0,0,0,0,0,0,0,0,0,0,0,0,0,0,0,0,0,0,0,0
0,0,0,0,0,0,0,0,0,0,0,0,0,0,0,0,0,0,0,0,0,0,0,0,0,0,0,0,0,0,0,0,0,0,0,0,0,0,0,0,0,0,0
0,0,0,0,0,0,0,0,0,0,0,0,0,0,0,0,0,0,0,0,0,0,0,0,0,0,0,0,0,0,0,0,0,0,0,0,0,0,0,0,0,0,0
0,0,0,0,0,0,0,0,0,0,0,0,0,0,0,0,0,0,0,0,0,0,0,0,0,0,0,0,0,0,0,0,0,0,0,0,0,0,0,0,0,0,0
0,0,0,0,0,0,0,0,0,0,0,0,0,0,0,0,0,0,0,0,0,0,0,0,0,0,0,0,0,0,0,0,0,0,0,0,0,0,0,0,0,0,0
712,712,1069,1097,1038,0,0,0,0,0,0,0,0,0,0,0,0,0,0,0,0,0,0,0,0,0,0,0,0,0,0,0,0,0,0,0,0,0,0,0,0,0,0
732,732,1062,1070,1039,0,0,0,0,0,0,0,0,0,0,0,0,0,0,0,0,0,0,0,0,0,0,0,0,0,0,0,0,0,0,0,0,0,0,0,0,0,0
715,715,1041,1095,1015,0,0,0,0,0,0,0,0,0,0,0,0,0,0,0,0,0,0,0,0,0,0,0,0,0,0,0,0,0,0,0,0,0,0,0,0,0,0
364,364,417,0,0,331,0,302,351,280,247,0,0,0,364,0,0,0,0,329,331,155,0,0,0,0,0,0,0,0,0,0,0,0,0,0,0,0,0,0,0,0,0
364,364,417,0,0,331,0,302,351,280,247,0,0,0,364,0,0,0,0,329,331,155,0,0,0,0,0,0,0,0,0,0,0,0,0,0,0,0,0,0,0,0,0
367,367,365,0,0,347,0,347,350,304,255,0,0,0,343,0,0,0,0,322,331,190,0,0,0,0,0,0,0,0,0,0,0,0,0,0,0,0,0,0,0,0,0
0,0,0,0,0,0,0,0,0,0,0,0,0,0,0,0,0,0,0,0,0,0,0,0,0,0,0,0,0,0,0,0,0,0,0,0,0,0,0,0,0,0,0
0,0,0,0,0,0,0,0,0,0,0,0,0,0,0,0,0,0,0,0,0,0,0,0,0,0,0,0,0,0,0,0,0,0,0,0,0,0,0,0,0,0,0
266,266,347,0,0,335,0,315,340,446,360,0,0,0,453,0,0,0,0,473,481,213,0,0,0,0,0,0,0,0,0,0,0,0,0,0,0,0,0,0,0,0,0
0,0,0,0,0,0,0,0,0,0,0,0,0,0,0,0,0,0,0,0,0,0,0,0,0,0,0,0,0,0,0,0,0,0,0,0,0,0,0,0,0,0,0
283,283,361,0,0,313,0,308,340,430,365,0,0,0,441,0,0,0,0,453,474,206,0,0,0,0,0,0,0,0,0,0,0,0,0,0,0,0,0,0,0,0,0
276,276,348,0,0,365,0,346,384,437,354,0,0,0,457,0,0,0,0,456,469,212,0,0,0,0,0,0,0,0,0,0,0,0,0,0,0,0,0,0,0,0,0
201,201,265,0,0,364,0,344,351,412,388,0,0,0,400,0,0,0,0,504,504,243,0,0,0,0,0,0,0,0,0,0,0,0,0,0,0,0,0,0,0,0,0
0,0,0,0,0,0,0,0,0,0,0,0,0,0,0,0,0,0,0,0,0,0,0,0,0,0,0,0,0,0,0,0,0,0,0,0,0,0,0,0,0,0,0
0,0,0,0,0,0,0,0,0,0,0,0,0,0,0,0,0,0,0,0,0,0,0,0,0,0,0,0,0,0,0,0,0,0,0,0,0,0,0,0,0,0,0
0,0,0,0,0,0,0,0,0,0,0,0,0,0,0,0,0,0,0,0,0,0,0,0,0,0,0,0,0,0,0,0,0,0,0,0,0,0,0,0,0,0,0
0,0,0,0,0,0,0,0,0,0,0,0,0,0,0,0,0,0,0,0,0,0,0,0,0,0,0,0,0,0,0,0,0,0,0,0,0,0,0,0,0,0,0
210,210,303,0,0,339,0,319,347,413,369,0,0,0,389,0,0,0,0,510,505,247,0,0,0,0,0,0,0,0,0,0,0,0,0,0,0,0,0,0,0,0,0
0,0,0,0,0,0,0,0,0,0,0,0,0,0,0,0,0,0,0,0,0,0,0,0,0,0,0,0,0,0,0,0,0,0,0,0,0,0,0,0,0,0,0
0,0,0,0,0,0,0,0,0,0,0,0,0,0,0,0,0,0,0,0,0,0,0,0,0,0,0,0,0,0,0,0,0,0,0,0,0,0,0,0,0,0,0
0,0,0,0,0,0,0,0,0,0,0,0,0,0,0,0,0,0,0,0,0,0,0,0,0,0,0,0,0,0,0,0,0,0,0,0,0,0,0,0,0,0,0
213,213,271,0,0,368,0,363,364,402,403,0,0,0,405,0,0,0,0,498,496,237,0,0,0,0,0,0,0,0,0,0,0,0,0,0,0,0,0,0,0,0,0
155,155,226,0,0,268,0,272,277,323,324,0,0,0,319,0,0,0,0,469,479,226,0,0,0,0,0,0,0,0,0,0,0,0,0,0,0,0,0,0,0,0,0
0,0,0,0,0,0,0,0,0,0,0,0,0,0,0,0,0,0,0,0,0,0,0,0,0,0,0,0,0,0,0,0,0,0,0,0,0,0,0,0,0,0,0
167,167,219,0,0,269,0,281,264,325,303,0,0,0,314,0,0,0,0,455,475,218,0,0,0,0,0,0,0,0,0,0,0,0,0,0,0,0,0,0,0,0,0
152,152,226,0,0,277,0,273,285,315,340,0,0,0,331,0,0,0,0,468,468,218,0,0,0,0,0,0,0,0,0,0,0,0,0,0,0,0,0,0,0,0,0
0,0,0,0,0,0,0,0,0,0,0,0,0,0,0,0,0,0,0,0,0,0,0,0,0,0,0,0,0,0,0,0,0,0,0,0,0,0,0,0,0,0,0
0,0,0,0,0,0,0,0,0,0,0,0,0,0,0,0,0,0,0,0,0,0,0,0,0,0,0,0,0,0,0,0,0,0,0,0,0,0,0,0,0,0,0
244,244,314,0,0,311,0,317,317,369,339,0,0,0,363,0,0,0,0,453,460,211,0,0,0,0,0,0,0,0,0,0,0,0,0,0,0,0,0,0,0,0,0
0,0,0,0,0,0,0,0,0,0,0,0,0,0,0,0,0,0,0,0,0,0,0,0,0,0,0,0,0,0,0,0,0,0,0,0,0,0,0,0,0,0,0
0,0,0,0,0,0,0,0,0,0,0,0,0,0,0,0,0,0,0,0,0,0,0,0,0,0,0,0,0,0,0,0,0,0,0,0,0,0,0,0,0,0,0
0,0,0,0,0,0,0,0,0,0,0,0,0,0,0,0,0,0,0,0,0,0,0,0,0,0,0,0,0,0,0,0,0,0,0,0,0,0,0,0,0,0,0
0,0,0,0,0,0,0,0,0,0,0,0,0,0,0,0,0,0,0,0,0,0,0,0,0,0,0,0,0,0,0,0,0,0,0,0,0,0,0,0,0,0,0
235,235,301,0,0,316,0,310,312,336,328,0,0,0,350,0,0,0,0,436,448,211,0,0,0,0,0,0,0,0,0,0,0,0,0,0,0,0,0,0,0,0,0
0,0,0,0,0,0,0,0,0,0,0,0,0,0,0,0,0,0,0,0,0,0,0,0,0,0,0,0,0,0,0,0,0,0,0,0,0,0,0,0,0,0,0
0,0,0,0,0,0,0,0,0,0,0,0,0,0,0,0,0,0,0,0,0,0,0,0,0,0,0,0,0,0,0,0,0,0,0,0,0,0,0,0,0,0,0
0,0,0,0,0,0,0,0,0,0,0,0,0,0,0,0,0,0,0,0,0,0,0,0,0,0,0,0,0,0,0,0,0,0,0,0,0,0,0,0,0,0,0
260,260,324,0,0,331,0,329,332,379,352,0,0,0,368,0,0,0,0,432,462,203,0,0,0,0,0,0,0,0,0,0,0,0,0,0,0,0,0,0,0,0,0
0,0,0,0,0,0,0,0,0,0,0,0,0,0,0,0,0,0,0,0,0,0,0,0,0,0,0,0,0,0,0,0,0,0,0,0,0,0,0,0,0,0,0
0,0,0,0,0,0,0,0,0,0,0,0,0,0,0,0,0,0,0,0,0,0,0,0,0,0,0,0,0,0,0,0,0,0,0,0,0,0,0,0,0,0,0
0,0,0,0,0,0,0,0,0,0,0,0,0,0,0,0,0,0,0,0,0,0,0,0,0,0,0,0,0,0,0,0,0,0,0,0,0,0,0,0,0,0,0
0,0,0,0,0,0,0,0,0,0,0,0,0,0,0,0,0,0,0,0,0,0,0,0,0,0,0,0,0,0,0,0,0,0,0,0,0,0,0,0,0,0,0
0,0,0,0,0,0,0,0,0,0,0,0,0,0,0,0,0,0,0,0,0,0,0,0,0,0,0,0,0,0,0,0,0,0,0,0,0,0,0,0,0,0,0
163,163,209,0,0,255,0,241,265,272,292,0,0,0,266,0,0,0,0,436,449,215,0,0,0,0,0,0,0,0,0,0,0,0,0,0,0,0,0,0,0,0,0
151,151,207,0,0,249,0,235,252,271,288,0,0,0,275,0,0,0,0,421,429,211,0,0,0,0,0,0,0,0,0,0,0,0,0,0,0,0,0,0,0,0,0
170,170,217,0,0,267,0,249,265,287,283,0,0,0,272,0,0,0,0,416,417,208,0,0,0,0,0,0,0,0,0,0,0,0,0,0,0,0,0,0,0,0,0
1480,1480,1549,0,0,1100,0,0,0,1316,1316,1398,1404,1444,0,0,0,0,0,0,0,0,0,0,0,1262,1173,0,1281,1159,1352,1379,1391,1435,0,0,0,0,0,0,0,0,0
1480,1480,1549,0,0,1100,0,0,0,1316,1316,1398,1404,1444,0,0,0,0,0,0,0,0,0,0,0,1262,1173,0,1281,1159,1352,1379,1391,1435,0,0,0,0,0,0,0,0,0
1394,1394,1102,0,0,1321,0,0,0,1485,1485,1490,1528,1559,0,0,0,0,0,0,0,0,0,0,0,1279,1364,0,1351,1336,1355,1392,1356,1376,0,0,0,0,0,0,0,0,0
0,0,0,0,0,0,0,0,0,0,0,0,0,0,0,0,0,0,0,0,0,0,0,0,0,0,0,0,0,0,0,0,0,0,0,0,0,0,0,0,0,0,0
0,0,0,0,0,0,0,0,0,0,0,0,0,0,0,0,0,0,0,0,0,0,0,0,0,0,0,0,0,0,0,0,0,0,0,0,0,0,0,0,0,0,0
997,997,998,0,0,1030,0,0,0,1481,1481,1450,1468,1457,0,0,0,0,0,0,0,0,0,0,0,1180,1155,0,1167,1145,1168,1205,1200,1217,0,0,0,0,0,0,0,0,0
1,1,0,0,0,0,0,0,0,0,0,0,0,0,0,0,0,0,0,0,0,0,0,0,0,0,0,0,0,1,0,0,0,0,0,0,0,0,0,0,0,0,0
1037,1037,1073,0,0,1054,0,0,0,1427,1427,1446,1409,1454,0,0,0,0,0,0,0,0,0,0,0,1122,1138,0,1178,1107,1171,1210,1217,1234,0,0,0,0,0,0,0,0,0
998,998,1073,0,0,1047,0,0,0,1414,1414,1424,1424,1410,0,0,0,0,0,0,0,0,0,0,0,1134,1175,0,1154,1161,1159,1167,1209,1209,0,0,0,0,0,0,0,0,0
522,522,686,0,0,815,0,0,0,1288,1288,1244,1280,1294,0,0,0,0,0,0,0,0,0,0,0,970,936,0,936,878,1034,1008,1053,1027,0,0,0,0,0,0,0,0,0
0,0,0,0,0,0,0,0,0,0,0,0,0,0,0,0,0,0,0,0,0,0,0,0,0,0,0,0,0,0,0,0,0,0,0,0,0,0,0,0,0,0,0
0,0,0,0,0,0,0,0,0,0,0,0,0,0,0,0,0,0,0,0,0,0,0,0,0,0,0,0,0,0,0,0,0,0,0,0,0,0,0,0,0,0,0
0,0,0,0,0,0,0,0,0,0,0,0,0,0,0,0,0,0,0,0,0,0,0,0,0,0,0,0,0,0,0,0,0,0,0,0,0,0,0,0,0,0,0
0,0,0,0,0,0,0,0,0,0,0,0,0,0,0,0,0,0,0,0,0,0,0,0,0,0,0,0,0,0,0,0,0,0,0,0,0,0,0,0,0,0,0
560,560,719,0,0,838,0,0,0,1259,1259,1216,1275,1276,0,0,0,0,0,0,0,0,0,0,0,956,933,0,988,893,987,973,1021,988,0,0,0,0,0,0,0,0,0
0,0,0,0,0,0,0,0,0,0,0,0,0,0,0,0,0,0,0,0,0,0,0,0,0,0,0,0,0,0,0,0,0,0,0,0,0,0,0,0,0,0,0
0,0,0,0,0,0,0,0,0,0,0,0,0,0,0,0,0,0,0,0,0,0,0,0,0,0,0,0,0,0,0,0,0,0,0,0,0,0,0,0,0,0,0
0,0,0,0,0,0,0,0,0,0,0,0,0,0,0,0,0,0,0,0,0,0,0,0,0,0,0,0,0,0,0,0,0,0,0,0,0,0,0,0,0,0,0
543,543,698,0,0,838,0,0,0,1243,1243,1220,1226,1270,0,0,0,0,0,0,0,0,0,0,0,959,932,0,935,892,1039,988,1027,1016,0,0,0,0,0,0,0,0,0
447,447,630,0,0,752,0,0,0,1112,1112,1092,1099,1127,0,0,0,0,0,0,0,0,0,0,0,861,866,0,840,820,925,930,932,923,0,0,0,0,0,0,0,0,0
0,0,0,0,0,0,0,0,0,0,0,0,0,0,0,0,0,0,0,0,0,0,0,0,0,0,2,0,2,1,0,0,0,0,0,0,0,0,0,0,0,0,0
497,497,662,0,0,742,0,0,0,1091,1091,1078,1075,1086,0,0,0,0,0,0,0,0,0,0,0,817,797,0,842,801,909,938,921,902,0,0,0,0,0,0,0,0,0
548,548,651,0,0,779,0,0,0,1108,1108,1107,1138,1121,0,0,0,0,0,0,0,0,0,0,0,872,872,0,872,833,927,912,933,933,0,0,0,0,0,0,0,0,0
0,0,0,0,0,0,0,0,0,0,0,0,0,0,0,0,0,0,0,0,0,0,0,0,0,0,0,0,0,0,0,0,0,0,0,0,0,0,0,0,0,0,0
0,0,0,0,0,0,0,0,0,0,0,0,0,0,0,0,0,0,0,0,0,0,0,0,0,0,0,0,0,0,0,0,0,0,0,0,0,0,0,0,0,0,0
841,841,920,0,0,965,0,0,0,1424,1424,1390,1386,1390,0,0,0,0,0,0,0,0,0,0,0,1077,1057,0,1054,1044,1134,1170,1144,1144,0,0,0,0,0,0,0,0,0
0,0,0,0,0,0,0,0,0,0,0,0,0,0,0,0,0,0,0,0,0,0,0,0,0,0,0,0,0,0,0,0,0,0,0,0,0,0,0,0,0,0,0
0,0,0,0,0,0,0,0,0,0,0,0,0,0,0,0,0,0,0,0,0,0,0,0,0,0,0,0,0,0,0,0,0,0,0,0,0,0,0,0,0,0,0
0,0,0,0,0,0,0,0,0,0,0,0,0,0,0,0,0,0,0,0,0,0,0,0,0,0,0,0,0,0,0,0,0,0,0,0,0,0,0,0,0,0,0
0,0,0,0,0,0,0,0,0,0,0,0,0,0,0,0,0,0,0,0,0,0,0,0,0,0,0,0,0,0,0,0,0,0,0,0,0,0,0,0,0,0,0
847,847,896,0,0,949,0,0,0,1310,1310,1314,1329,1307,0,0,0,0,0,0,0,0,0,0,0,1024,1029,0,1093,1008,1102,1109,1125,1111,0,0,0,0,0,0,0,0,0
0,0,0,0,0,0,0,0,0,0,0,0,0,0,0,0,0,0,0,0,0,0,0,0,0,0,0,0,0,0,0,0,0,0,0,0,0,0,0,0,0,0,0
0,0,0,0,0,0,0,0,0,0,0,0,0,0,0,0,0,0,0,0,0,0,0,0,0,0,0,0,0,0,0,0,0,0,0,0,0,0,0,0,0,0,0
0,0,0,0,0,0,0,0,0,0,0,0,0,0,0,0,0,0,0,0,0,0,0,0,0,0,0,0,0,0,0,0,0,0,0,0,0,0,0,0,0,0,0
894,894,1003,0,0,1005,0,0,0,1414,1414,1399,1397,1388,0,0,0,0,0,0,0,0,0,0,0,1081,1090,0,1097,1071,1148,1139,1146,1146,0,0,0,0,0,0,0,0,0
0,0,0,0,0,0,0,0,0,0,0,0,0,0,0,0,0,0,0,0,0,0,0,0,0,0,0,0,0,0,0,0,0,0,0,0,0,0,0,0,0,0,0
0,0,0,0,0,0,0,0,0,0,0,0,0,0,0,0,0,0,0,0,0,0,0,0,0,0,0,0,0,0,0,0,0,0,0,0,0,0,0,0,0,0,0
0,0,0,0,0,0,0,0,0,0,0,0,0,0,0,0,0,0,0,0,0,0,0,0,0,0,0,0,0,0,0,0,0,0,0,0,0,0,0,0,0,0,0
0,0,0,0,0,0,0,0,0,0,0,0,0,0,0,0,0,0,0,0,0,0,0,0,0,0,0,0,0,0,0,0,0,0,0,0,0,0,0,0,0,0,0
0,0,0,0,0,0,0,0,0,0,0,0,0,0,0,0,0,0,0,0,0,0,0,0,0,0,0,0,0,0,0,0,0,0,0,0,0,0,0,0,0,0,0
334,334,486,0,0,530,0,0,0,796,796,790,825,839,0,0,0,0,0,0,0,0,0,0,0,598,621,0,635,616,666,659,713,682,0,0,0,0,0,0,0,0,0
373,373,502,0,0,550,0,0,0,783,783,779,812,814,0,0,0,0,0,0,0,0,0,0,0,620,613,0,629,608,682,660,686,685,0,0,0,0,0,0,0,0,0
368,368,511,0,0,545,0,0,0,807,807,807,817,824,0,0,0,0,0,0,0,0,0,0,0,602,654,0,646,654,669,678,714,699,0,0,0,0,0,0,0,0,0
1668,1668,1691,0,0,1419,0,1474,1471,1634,1876,1978,1991,1997,1820,1902,2010,1909,0,0,0,0,0,0,0,1573,0,0,0,0,0,0,0,0,0,0,0,0,0,0,0,0,0
1668,1668,1691,0,0,1419,0,1474,1471,1634,1876,1978,1991,1997,1820,1902,2010,1909,0,0,0,0,0,0,0,1573,0,0,0,0,0,0,0,0,0,0,0,0,0,0,0,0,0
1675,1675,1458,0,0,1636,0,1625,1704,2024,2123,2152,2128,2138,2045,2069,2082,2041,0,0,0,0,0,0,0,1854,0,0,0,0,0,0,0,0,0,0,0,0,0,0,0,0,0
0,0,0,0,0,0,0,0,0,0,0,0,0,0,0,0,0,0,0,0,0,0,0,0,0,0,0,0,0,0,0,0,0,0,0,0,0,0,0,0,0,0,0
0,0,0,0,0,0,0,0,0,0,0,0,0,0,0,0,0,0,0,0,0,0,0,0,0,0,0,0,0,0,0,0,0,0,0,0,0,0,0,0,0,0,0
1242,1242,1419,0,0,1400,0,1269,1460,1975,2039,1999,2035,1998,2016,2014,2026,1968,0,0,0,0,0,0,0,1660,0,0,0,0,0,0,0,0,0,0,0,0,0,0,0,0,0
0,0,1,0,0,0,0,0,0,0,0,0,0,0,1,1,1,1,0,0,0,0,0,0,0,0,0,0,0,0,0,0,0,0,0,0,0,0,0,0,0,0,0
1244,1244,1394,0,0,1412,0,1324,1442,1890,1944,1947,1992,1917,1961,1951,1995,1942,0,0,0,0,0,0,0,1574,0,0,0,0,0,0,0,0,0,0,0,0,0,0,0,0,0
1273,1273,1520,0,0,1395,0,1283,1500,1937,2071,2028,2048,2051,1967,1981,2013,1963,0,0,0,0,0,0,0,1693,0,0,0,0,0,0,0,0,0,0,0,0,0,0,0,0,0
706,706,1040,0,0,1136,1,1102,1158,1636,1622,1585,1587,1575,1674,1603,1658,1645,0,0,0,0,0,0,0,1281,0,0,0,0,0,0,0,0,0,0,0,0,0,0,0,0,0
0,0,0,0,0,0,0,0,0,0,2,0,2,0,0,0,1,0,0,0,0,0,0,0,0,0,0,0,0,0,0,0,0,0,0,0,0,0,0,0,0,0,0
0,0,0,0,0,0,0,0,0,0,0,0,0,0,0,0,0,0,0,0,0,0,0,0,0,0,0,0,0,0,0,0,0,0,0,0,0,0,0,0,0,0,0
0,0,0,0,0,0,0,0,0,0,0,0,0,0,0,0,0,0,0,0,0,0,0,0,0,0,0,0,0,0,0,0,0,0,0,0,0,0,0,0,0,0,0
0,0,0,0,0,0,0,0,0,0,0,0,0,0,0,0,0,0,0,0,0,0,0,0,0,0,0,0,0,0,0,0,0,0,0,0,0,0,0,0,0,0,0
745,745,1108,0,0,1147,1,1121,1218,1579,1589,1590,1588,1581,1632,1621,1638,1612,0,0,0,0,0,0,0,1328,0,0,0,0,0,0,0,0,0,0,0,0,0,0,0,0,0
0,0,0,0,0,0,0,0,0,0,0,0,0,0,0,0,0,0,0,0,0,0,0,0,0,0,0,0,0,0,0,0,0,0,0,0,0,0,0,0,0,0,0
0,0,0,0,0,0,0,0,0,0,0,0,0,0,0,0,0,0,0,0,0,0,0,0,0,0,0,0,0,0,0,0,0,0,0,0,0,0,0,0,0,0,0
0,0,0,0,0,0,0,0,0,0,0,0,0,0,0,0,0,0,0,0,0,0,0,0,0,0,0,0,0,0,0,0,0,0,0,0,0,0,0,0,0,0,0
779,779,1033,0,0,1119,1,1119,1167,1575,1576,1609,1549,1554,1658,1594,1645,1643,0,0,0,0,0,0,0,1298,0,0,0,0,0,0,0,0,0,0,0,0,0,0,0,0,0
675,675,987,0,0,1049,1,1008,1106,1451,1470,1445,1454,1468,1573,1550,1534,1561,0,0,0,0,0,0,0,1213,0,0,0,0,0,0,0,0,0,0,0,0,0,0,0,0,0
1,1,1,0,0,2,1,1,1,2,2,2,2,2,1,1,1,1,0,0,0,0,0,0,0,2,0,0,0,0,0,0,0,0,0,0,0,0,0,0,0,0,0
710,710,994,0,0,1077,1,1039,1134,1417,1390,1410,1421,1437,1528,1519,1503,1529,0,0,0,0,0,0,0,1216,0,0,0,0,0,0,0,0,0,0,0,0,0,0,0,0,0
688,688,983,0,0,1096,0,1028,1150,1422,1444,1435,1449,1465,1528,1523,1508,1523,0,0,0,0,0,0,0,1206,0,0,0,0,0,0,0,0,0,0,0,0,0,0,0,0,0
0,0,0,0,0,0,0,0,0,0,0,0,0,0,0,0,0,0,0,0,0,0,0,0,0,0,0,0,0,0,0,0,0,0,0,0,0,0,0,0,0,0,0
0,0,0,0,0,0,0,0,0,0,0,0,0,0,0,0,0,0,0,0,0,0,0,0,0,0,0,0,0,0,0,0,0,0,0,0,0,0,0,0,0,0,0
990,990,1276,0,0,1231,0,1208,1263,1755,1755,1785,1766,1760,1823,1784,1795,1808,0,0,0,0,0,0,0,1457,0,0,0,0,0,0,0,0,0,0,0,0,0,0,0,0,0
0,0,0,0,0,0,0,0,0,0,0,0,0,0,0,0,0,0,0,0,0,0,0,0,0,0,0,0,0,0,0,0,0,0,0,0,0,0,0,0,0,0,0
0,0,0,0,0,0,0,0,0,0,0,0,0,0,0,0,0,0,0,0,0,0,0,0,0,0,0,0,0,0,0,0,0,0,0,0,0,0,0,0,0,0,0
0,0,0,0,0,0,0,0,0,0,0,0,0,0,0,0,0,0,0,0,0,0,0,0,0,0,0,0,0,0,0,0,0,0,0,0,0,0,0,0,0,0,0
0,0,0,0,0,0,0,0,0,0,0,0,0,0,0,0,0,0,0,0,0,0,0,0,0,0,0,0,0,0,0,0,0,0,0,0,0,0,0,0,0,0,0
1078,1078,1253,0,0,1232,0,1227,1261,1666,1727,1738,1721,1711,1706,1727,1733,1720,0,0,0,0,0,0,0,1455,0,0,0,0,0,0,0,0,0,0,0,0,0,0,0,0,0
0,0,0,0,0,0,0,0,0,0,0,0,0,0,0,0,0,0,0,0,0,0,0,0,0,0,0,0,0,0,0,0,0,0,0,0,0,0,0,0,0,0,0
0,0,0,0,0,0,0,0,0,0,0,0,0,0,0,0,0,0,0,0,0,0,0,0,0,0,0,0,0,0,0,0,0,0,0,0,0,0,0,0,0,0,0
0,0,0,0,0,0,0,0,0,0,0,0,0,0,0,0,0,0,0,0,0,0,0,0,0,0,0,0,0,0,0,0,0,0,0,0,0,0,0,0,0,0,0
1026,1026,1311,0,0,1319,0,1282,1326,1757,1779,1787,1798,1756,1835,1795,1832,1868,0,0,0,0,0,0,0,1532,0,0,0,0,0,0,0,0,0,0,0,0,0,0,0,0,0
0,0,0,0,0,0,0,0,0,0,0,0,0,0,0,0,0,0,0,0,0,0,0,0,0,0,0,0,0,0,0,0,0,0,0,0,0,0,0,0,0,0,0
0,0,0,0,0,0,0,0,0,0,0,0,0,0,0,0,0,0,0,0,0,0,0,0,0,0,0,0,0,0,0,0,0,0,0,0,0,0,0,0,0,0,0
0,0,0,0,0,0,0,0,0,0,0,0,0,0,0,0,0,0,0,0,0,0,0,0,0,0,0,0,0,0,0,0,0,0,0,0,0,0,0,0,0,0,0
0,0,0,0,0,0,0,0,0,0,0,0,0,0,0,0,0,0,0,0,0,0,0,0,0,0,0,0,0,0,0,0,0,0,0,0,0,0,0,0,0,0,0
0,0,0,0,0,0,0,0,0,0,0,0,0,0,0,0,0,0,0,0,0,0,0,0,0,0,0,0,0,0,0,0,0,0,0,0,0,0,0,0,0,0,0
577,577,812,0,0,787,0,767,817,1024,1079,1077,1100,1066,1154,1149,1117,1206,0,0,0,0,0,0,0,898,0,0,0,0,0,0,0,0,0,0,0,0,0,0,0,0,0
593,593,855,0,0,793,0,775,816,1034,1071,1075,1076,1080,1148,1163,1130,1190,0,0,0,0,0,0,0,887,0,0,0,0,0,0,0,0,0,0,0,0,0,0,0,0,0
621,621,831,0,0,798,0,797,839,1014,1092,1090,1104,1071,1146,1156,1135,1186,0,0,0,0,0,0,0,919,0,0,0,0,0,0,0,0,0,0,0,0,0,0,0,0,0
1130,1130,1187,0,0,805,0,787,824,530,0,0,0,0,540,0,0,0,546,480,0,522,492,0,0,727,0,0,0,0,753,0,0,0,744,0,0,0,0,0,437,432,453
1130,1130,1187,0,0,805,0,787,824,530,0,0,0,0,540,0,0,0,546,480,0,522,492,0,0,727,0,0,0,0,753,0,0,0,744,0,0,0,0,0,437,432,453
1187,1187,1086,0,0,826,0,817,855,666,0,0,0,0,671,0,0,0,685,708,0,719,712,0,0,794,0,0,0,0,789,0,0,0,839,0,0,0,0,0,659,642,645
0,0,0,0,0,0,0,0,0,0,0,0,0,0,0,0,0,0,0,0,0,0,0,0,0,0,0,0,0,0,0,0,0,0,0,0,0,0,0,0,0,0,0
0,0,0,0,0,0,0,0,0,0,0,0,0,0,0,0,0,0,0,0,0,0,0,0,0,0,0,0,0,0,0,0,0,0,0,0,0,0,0,0,0,0,0
805,805,826,0,0,692,0,693,694,625,0,0,0,0,603,0,0,0,628,601,0,591,610,0,0,648,0,0,0,0,628,0,0,0,684,0,0,0,0,0,538,552,555
0,0,0,0,0,0,0,0,0,0,0,0,0,0,0,0,0,0,0,0,0,0,0,0,0,0,0,0,0,0,0,0,0,0,0,0,0,0,0,0,0,0,0
787,787,817,0,0,693,0,724,719,601,0,0,0,0,598,0,0,0,606,573,0,598,577,0,0,652,0,0,0,0,663,0,0,0,669,0,0,0,0,0,549,541,557
824,824,855,0,0,694,0,719,736,640,0,0,0,0,644,0,0,0,640,606,0,616,592,0,0,648,0,0,0,0,658,0,0,0,702,0,0,0,0,0,556,538,588
530,530,666,0,0,625,0,601,640,634,0,0,0,0,632,0,0,0,651,585,0,608,611,0,0,548,0,0,0,0,535,0,0,0,574,0,0,0,0,0,602,575,637
0,0,0,0,0,0,0,0,0,0,0,0,0,0,0,0,0,0,0,0,0,0,0,0,0,0,0,0,0,0,0,0,0,0,0,0,0,0,0,0,0,0,0
0,0,0,0,0,0,0,0,0,0,0,0,0,0,0,0,0,0,0,0,0,0,0,0,0,0,0,0,0,0,0,0,0,0,0,0,0,0,0,0,0,0,0
0,0,0,0,0,0,0,0,0,0,0,0,0,0,0,0,0,0,0,0,0,0,0,0,0,0,0,0,0,0,0,0,0,0,0,0,0,0,0,0,0,0,0
0,0,0,0,0,0,0,0,0,0,0,0,0,0,0,0,0,0,0,0,0,0,0,0,0,0,0,0,0,0,0,0,0,0,0,0,0,0,0,0,0,0,0
540,540,671,0,0,603,0,598,644,632,0,0,0,0,652,0,0,0,648,610,0,636,621,0,0,554,0,0,0,0,563,0,0,0,576,0,0,0,0,0,622,626,633
0,0,0,0,0,0,0,0,0,0,0,0,0,0,0,0,0,0,0,0,0,0,0,0,0,0,0,0,0,0,0,0,0,0,0,0,0,0,0,0,0,0,0
0,0,0,0,0,0,0,0,0,0,0,0,0,0,0,0,0,0,0,0,0,0,0,0,0,0,0,0,0,0,0,0,0,0,0,0,0,0,0,0,0,0,0
0,0,0,0,0,0,0,0,0,0,0,0,0,0,0,0,0,0,0,0,0,0,0,0,0,0,0,0,0,0,0,0,0,0,0,0,0,0,0,0,0,0,0
546,546,685,0,0,628,0,606,640,651,0,0,0,0,648,0,0,0,648,627,0,624,627,0,0,576,0,0,0,0,560,0,0,0,611,0,0,0,0,0,596,598,625
480,480,708,0,0,601,0,573,606,585,0,0,0,0,610,0,0,0,627,612,0,608,629,0,0,551,0,0,0,0,543,0,0,0,549,0,0,0,0,0,599,638,626
0,0,0,0,0,0,0,0,0,0,0,0,0,0,0,0,0,0,0,0,0,0,0,0,0,0,0,0,0,0,0,0,0,0,0,0,0,0,0,0,0,0,0
522,522,719,0,0,591,0,598,616,608,0,0,0,0,636,0,0,0,624,608,0,670,659,0,0,567,0,0,0,0,591,0,0,0,596,0,0,0,0,0,611,655,628
492,492,712,0,0,610,0,577,592,611,0,0,0,0,621,0,0,0,627,629,0,659,666,0,0,534,0,0,0,0,551,0,0,0,552,0,0,0,0,0,649,672,648
0,0,0,0,0,0,0,0,0,0,0,0,0,0,0,0,0,0,0,0,0,0,0,0,0,0,0,0,0,0,0,0,0,0,0,0,0,0,0,0,0,0,0
0,0,0,0,0,0,0,0,0,0,0,0,0,0,0,0,0,0,0,0,0,0,0,0,0,0,0,0,0,0,0,0,0,0,0,0,0,0,0,0,0,0,0
727,727,794,0,0,648,0,652,648,548,0,0,0,0,554,0,0,0,576,551,0,567,534,0,0,570,0,0,0,0,578,0,0,0,574,0,0,0,0,0,526,537,566
0,0,0,0,0,0,0,0,0,0,0,0,0,0,0,0,0,0,0,0,0,0,0,0,0,0,0,0,0,0,0,0,0,0,0,0,0,0,0,0,0,0,0
0,0,0,0,0,0,0,0,0,0,0,0,0,0,0,0,0,0,0,0,0,0,0,0,0,0,0,0,0,0,0,0,0,0,0,0,0,0,0,0,0,0,0
0,0,0,0,0,0,0,0,0,0,0,0,0,0,0,0,0,0,0,0,0,0,0,0,0,0,0,0,0,0,0,0,0,0,0,0,0,0,0,0,0,0,0
0,0,0,0,0,0,0,0,0,0,0,0,0,0,0,0,0,0,0,0,0,0,0,0,0,0,0,0,0,0,0,0,0,0,0,0,0,0,0,0,0,0,0
753,753,789,0,0,628,0,663,658,535,0,0,0,0,563,0,0,0,560,543,0,591,551,0,0,578,0,0,0,0,606,0,0,0,575,0,0,0,0,0,561,567,574
0,0,0,0,0,0,0,0,0,0,0,0,0,0,0,0,0,0,0,0,0,0,0,0,0,0,0,0,0,0,0,0,0,0,0,0,0,0,0,0,0,0,0
0,0,0,0,0,0,0,0,0,0,0,0,0,0,0,0,0,0,0,0,0,0,0,0,0,0,0,0,0,0,0,0,0,0,0,0,0,0,0,0,0,0,0
0,0,0,0,0,0,0,0,0,0,0,0,0,0,0,0,0,0,0,0,0,0,0,0,0,0,0,0,0,0,0,0,0,0,0,0,0,0,0,0,0,0,0
744,744,839,0,0,684,0,669,702,574,0,0,0,0,576,0,0,0,611,549,0,596,552,0,0,574,0,0,0,0,575,0,0,0,614,0,0,0,0,0,545,547,571
0,0,0,0,0,0,0,0,0,0,0,0,0,0,0,0,0,0,0,0,0,0,0,0,0,0,0,0,0,0,0,0,0,0,0,0,0,0,0,0,0,0,0
0,0,0,0,0,0,0,0,0,0,0,0,0,0,0,0,0,0,0,0,0,0,0,0,0,0,0,0,0,0,0,0,0,0,0,0,0,0,0,0,0,0,0
0,0,0,0,0,0,0,0,0,0,0,0,0,0,0,0,0,0,0,0,0,0,0,0,0,0,0,0,0,0,0,0,0,0,0,0,0,0,0,0,0,0,0
0,0,0,0,0,0,0,0,0,0,0,0,0,0,0,0,0,0,0,0,0,0,0,0,0,0,0,0,0,0,0,0,0,0,0,0,0,0,0,0,0,0,0
0,0,0,0,0,0,0,0,0,0,0,0,0,0,0,0,0,0,0,0,0,0,0,0,0,0,0,0,0,0,0,0,0,0,0,0,0,0,0,0,0,0,0
437,437,659,0,0,538,0,549,556,602,0,0,0,0,622,0,0,0,596,599,0,611,649,0,0,526,0,0,0,0,561,0,0,0,545,0,0,0,0,0,714,689,731
432,432,642,0,0,552,0,541,538,575,0,0,0,0,626,0,0,0,598,638,0,655,672,0,0,537,0,0,0,0,567,0,0,0,547,0,0,0,0,0,689,702,734
453,453,645,0,0,555,0,557,588,637,0,0,0,0,633,0,0,0,625,626,0,628,648,0,0,566,0,0,0,0,574,0,0,0,571,0,0,0,0,0,731,734,754
310,310,377,0,0,323,0,341,334,0,0,0,0,0,0,0,0,0,0,409,414,431,417,0,0,298,0,0,0,0,306,0,0,0,319,0,0,0,0,0,0,0,0
310,310,377,0,0,323,0,341,334,0,0,0,0,0,0,0,0,0,0,409,414,431,417,0,0,298,0,0,0,0,306,0,0,0,319,0,0,0,0,0,0,0,0
320,320,327,0,0,367,0,371,389,0,0,0,0,0,0,0,0,0,0,478,470,486,475,0,0,384,0,0,0,0,386,0,0,0,376,0,0,0,0,0,0,0,0
0,0,0,0,0,0,0,0,0,0,0,0,0,0,0,0,0,0,0,0,0,0,0,0,0,0,0,0,0,0,0,0,0,0,0,0,0,0,0,0,0,0,0
0,0,0,0,0,0,0,0,0,0,0,0,0,0,0,0,0,0,0,0,0,0,0,0,0,0,0,0,0,0,0,0,0,0,0,0,0,0,0,0,0,0,0
222,222,321,0,0,325,0,329,350,0,0,0,0,0,0,0,0,0,0,470,457,467,457,0,0,368,0,0,0,0,376,0,0,0,371,0,0,0,0,0,0,0,0
0,0,0,0,0,0,0,0,0,0,0,0,0,0,0,0,0,0,0,0,0,0,0,0,0,0,0,0,0,0,0,0,0,0,0,0,0,0,0,0,0,0,0
227,227,343,0,0,345,0,341,359,0,0,0,0,0,0,0,0,0,0,450,472,456,452,0,0,367,0,0,0,0,377,0,0,0,391,0,0,0,0,0,0,0,0
223,223,340,0,0,326,0,304,341,0,0,0,0,0,0,0,0,0,0,444,450,468,455,0,0,364,0,0,0,0,373,0,0,0,378,0,0,0,0,0,0,0,0
175,175,239,0,0,306,0,297,296,0,0,0,0,0,0,0,0,0,0,432,418,409,429,0,0,317,0,0,0,0,308,0,0,0,323,0,0,0,0,0,0,0,0
0,0,0,0,0,0,0,0,0,0,0,0,0,0,0,0,0,0,0,0,0,0,0,0,0,0,0,0,0,0,0,0,0,0,0,0,0,0,0,0,0,0,0
0,0,0,0,0,0,0,0,0,0,0,0,0,0,0,0,0,0,0,0,0,0,0,0,0,0,0,0,0,0,0,0,0,0,0,0,0,0,0,0,0,0,0
0,0,0,0,0,0,0,0,0,0,0,0,0,0,0,0,0,0,0,0,0,0,0,0,0,0,0,0,0,0,0,0,0,0,0,0,0,0,0,0,0,0,0
0,0,0,0,0,0,0,0,0,0,0,0,0,0,0,0,0,0,0,0,0,0,0,0,0,0,0,0,0,0,0,0,0,0,0,0,0,0,0,0,0,0,0
191,191,246,0,0,302,0,288,299,0,0,0,0,0,0,0,0,0,0,440,414,428,408,0,0,323,0,0,0,0,350,0,0,0,324,0,0,0,0,0,0,0,0
0,0,0,0,0,0,0,0,0,0,0,0,0,0,0,0,0,0,0,0,0,0,0,0,0,0,0,0,0,0,0,0,0,0,0,0,0,0,0,0,0,0,0
0,0,0,0,0,0,0,0,0,0,0,0,0,0,0,0,0,0,0,0,0,0,0,0,0,0,0,0,0,0,0,0,0,0,0,0,0,0,0,0,0,0,0
0,0,0,0,0,0,0,0,0,0,0,0,0,0,0,0,0,0,0,0,0,0,0,0,0,0,0,0,0,0,0,0,0,0,0,0,0,0,0,0,0,0,0
169,169,248,0,0,312,0,308,305,0,0,0,0,0,0,0,0,0,0,408,411,416,426,0,0,328,0,0,0,0,327,0,0,0,319,0,0,0,0,0,0,0,0
146,146,254,0,0,295,0,280,303,0,0,0,0,0,0,0,0,0,0,418,412,397,399,0,0,318,0,0,0,0,307,0,0,0,311,0,0,0,0,0,0,0,0
0,0,1,0,0,0,0,0,0,0,0,0,0,0,0,0,0,0,0,0,0,0,0,0,0,0,0,0,0,0,0,0,0,0,0,0,0,0,0,0,0,0,0
165,165,260,0,0,284,0,275,288,0,0,0,0,0,0,0,0,0,0,379,402,395,394,0,0,311,0,0,0,0,309,0,0,0,308,0,0,0,0,0,0,0,0
157,157,273,0,0,294,0,292,298,0,0,0,0,0,0,0,0,0,0,415,412,401,402,0,0,319,0,0,0,0,316,0,0,0,311,0,0,0,0,0,0,0,0
0,0,0,0,0,0,0,0,0,0,0,0,0,0,0,0,0,0,0,0,0,0,0,0,0,0,0,0,0,0,0,0,0,0,0,0,0,0,0,0,0,0,0
0,0,0,0,0,0,0,0,0,0,0,0,0,0,0,0,0,0,0,0,0,0,0,0,0,0,0,0,0,0,0,0,0,0,0,0,0,0,0,0,0,0,0
217,217,295,0,0,320,0,299,327,0,0,0,0,0,0,0,0,0,0,438,438,447,419,0,0,335,0,0,0,0,332,0,0,0,337,0,0,0,0,0,0,0,0
0,0,0,0,0,0,0,0,0,0,0,0,0,0,0,0,0,0,0,0,0,0,0,0,0,0,0,0,0,0,0,0,0,0,0,0,0,0,0,0,0,0,0
0,0,0,0,0,0,0,0,0,0,0,0,0,0,0,0,0,0,0,0,0,0,0,0,0,0,0,0,0,0,0,0,0,0,0,0,0,0,0,0,0,0,0
0,0,0,0,0,0,0,0,0,0,0,0,0,0,0,0,0,0,0,0,0,0,0,0,0,0,0,0,0,0,0,0,0,0,0,0,0,0,0,0,0,0,0
0,0,0,0,0,0,0,0,0,0,0,0,0,0,0,0,0,0,0,0,0,0,0,0,0,0,0,0,0,0,0,0,0,0,0,0,0,0,0,0,0,0,0
210,210,304,0,0,315,0,309,318,0,0,0,0,0,0,0,0,0,0,417,407,428,401,0,0,334,0,0,0,0,334,0,0,0,333,0,0,0,0,0,0,0,0
0,0,0,0,0,0,0,0,0,0,0,0,0,0,0,0,0,0,0,0,0,0,0,0,0,0,0,0,0,0,0,0,0,0,0,0,0,0,0,0,0,0,0
0,0,0,0,0,0,0,0,0,0,0,0,0,0,0,0,0,0,0,0,0,0,0,0,0,0,0,0,0,0,0,0,0,0,0,0,0,0,0,0,0,0,0
0,0,0,0,0,0,0,0,0,0,0,0,0,0,0,0,0,0,0,0,0,0,0,0,0,0,0,0,0,0,0,0,0,0,0,0,0,0,0,0,0,0,0
240,240,316,0,0,335,0,329,346,0,0,0,0,0,0,0,0,0,0,448,458,429,426,0,0,343,0,0,0,0,328,0,0,0,352,0,0,0,0,0,0,0,0
0,0,0,0,0,0,0,0,0,0,0,0,0,0,0,0,0,0,0,0,0,0,0,0,0,0,0,0,0,0,0,0,0,0,0,0,0,0,0,0,0,0,0
0,0,0,0,0,0,0,0,0,0,0,0,0,0,0,0,0,0,0,0,0,0,0,0,0,0,0,0,0,0,0,0,0,0,0,0,0,0,0,0,0,0,0
0,0,0,0,0,0,0,0,0,0,0,0,0,0,0,0,0,0,0,0,0,0,0,0,0,0,0,0,0,0,0,0,0,0,0,0,0,0,0,0,0,0,0
0,0,0,0,0,0,0,0,0,0,0,0,0,0,0,0,0,0,0,0,0,0,0,0,0,0,0,0,0,0,0,0,0,0,0,0,0,0,0,0,0,0,0
0,0,0,0,0,0,0,0,0,0,0,0,0,0,0,0,0,0,0,0,0,0,0,0,0,0,0,0,0,0,0,0,0,0,0,0,0,0,0,0,0,0,0
133,133,208,0,0,214,0,209,218,0,0,0,0,0,0,0,0,0,0,315,336,299,317,0,0,251,0,0,0,0,263,0,0,0,253,0,0,0,0,0,0,0,0
145,145,207,0,0,228,0,217,219,0,0,0,0,0,0,0,0,0,0,312,324,299,331,0,0,262,0,0,0,0,270,0,0,0,258,0,0,0,0,0,0,0,0
123,123,216,0,0,214,0,215,230,0,0,0,0,0,0,0,0,0,0,306,324,307,330,0,0,229,0,0,0,0,248,0,0,0,246,0,0,0,0,0,0,0,0
921,921,881,0,0,690,0,742,736,578,816,0,0,0,737,0,0,0,0,779,1010,964,0,0,0,0,0,0,0,0,0,0,0,0,0,0,0,0,0,0,1080,0,0
921,921,881,0,0,690,0,742,736,578,816,0,0,0,737,0,0,0,0,779,1010,964,0,0,0,0,0,0,0,0,0,0,0,0,0,0,0,0,0,0,1080,0,0
1040,1040,774,0,0,872,0,932,821,859,949,0,0,0,931,0,0,0,0,1077,1192,1092,0,0,0,0,0,0,0,0,0,0,0,0,0,0,0,0,0,0,1198,0,0
0,0,0,0,0,0,0,0,0,0,0,0,0,0,0,0,0,0,0,0,0,0,0,0,0,0,0,0,0,0,0,0,0,0,0,0,0,0,0,0,0,0,0
0,0,0,0,0,0,0,0,0,0,0,0,0,0,0,0,0,0,0,0,0,0,0,0,0,0,0,0,0,0,0,0,0,0,0,0,0,0,0,0,0,0,0
660,660,744,0,0,614,0,630,616,801,798,0,0,0,814,0,0,0,0,1024,1009,1019,0,0,0,0,0,0,0,0,0,0,0,0,0,0,0,0,0,0,1129,0,0
0,0,0,0,0,0,0,0,0,0,0,0,0,0,0,0,0,0,0,0,0,0,0,0,0,0,0,0,0,0,0,0,0,0,0,0,0,0,0,0,0,0,0
705,705,745,0,0,639,0,647,661,808,807,0,0,0,803,0,0,0,0,1005,1045,1023,0,0,0,0,0,0,0,0,0,0,0,0,0,0,0,0,0,0,1144,0,0
656,656,739,0,0,639,0,663,644,745,803,0,0,0,813,0,0,0,0,981,985,993,0,0,0,0,0,0,0,0,0,0,0,0,0,0,0,0,0,0,1090,0,0
420,420,545,0,0,575,0,544,579,682,694,0,0,0,698,0,0,0,0,951,899,925,0,0,0,0,0,0,0,0,0,0,0,0,0,0,0,0,0,0,1006,0,0
0,0,0,0,0,0,0,0,0,0,0,0,0,0,0,0,0,0,0,0,0,0,0,0,0,0,0,0,0,0,0,0,0,0,0,0,0,0,0,0,0,0,0
0,0,0,0,0,0,0,0,0,0,0,0,0,0,0,0,0,0,0,0,0,0,0,0,0,0,0,0,0,0,0,0,0,0,0,0,0,0,0,0,0,0,0
0,0,0,0,0,0,0,0,0,0,0,0,0,0,0,0,0,0,0,0,0,0,0,0,0,0,0,0,0,0,0,0,0,0,0,0,0,0,0,0,0,0,0
0,0,0,0,0,0,0,0,0,0,0,0,0,0,0,0,0,0,0,0,0,0,0,0,0,0,0,0,0,0,0,0,0,0,0,0,0,0,0,0,0,0,0
454,454,569,0,0,569,0,554,554,667,690,0,0,0,688,0,0,0,0,919,919,894,0,0,0,0,0,0,0,0,0,0,0,0,0,0,0,0,0,0,992,0,0
0,0,0,0,0,0,0,0,0,0,0,0,0,0,0,0,0,0,0,0,0,0,0,0,0,0,0,0,0,0,0,0,0,0,0,0,0,0,0,0,0,0,0
0,0,0,0,0,0,0,0,0,0,0,0,0,0,0,0,0,0,0,0,0,0,0,0,0,0,0,0,0,0,0,0,0,0,0,0,0,0,0,0,0,0,0
0,0,0,0,0,0,0,0,0,0,0,0,0,0,0,0,0,0,0,0,0,0,0,0,0,0,0,0,0,0,0,0,0,0,0,0,0,0,0,0,0,0,0
428,428,515,0,0,578,0,547,591,639,668,0,0,0,689,0,0,0,0,868,866,903,0,0,0,0,0,0,0,0,0,0,0,0,0,0,0,0,0,0,983,0,0
344,344,533,0,0,502,0,489,519,585,591,0,0,0,637,0,0,0,0,778,765,803,0,0,0,0,0,0,0,0,0,0,0,0,0,0,0,0,0,0,833,0,0
0,0,0,0,0,0,0,0,0,0,0,0,0,0,0,0,0,0,0,0,0,0,0,0,0,0,0,0,0,0,0,0,0,0,0,0,0,0,0,0,0,0,0
356,356,532,0,0,500,0,484,509,574,576,0,0,0,647,0,0,0,0,717,720,760,0,0,0,0,0,0,0,0,0,0,0,0,0,0,0,0,0,0,803,0,0
353,353,520,0,0,517,0,496,537,609,577,0,0,0,615,0,0,0,0,795,782,793,0,0,0,0,0,0,0,0,0,0,0,0,0,0,0,0,0,0,828,0,0
0,0,0,0,0,0,0,0,0,0,0,0,0,0,0,0,0,0,0,0,0,0,0,0,0,0,0,0,0,0,0,0,0,0,0,0,0,0,0,0,0,0,0
0,0,0,0,0,0,0,0,0,0,0,0,0,0,0,0,0,0,0,0,0,0,0,0,0,0,0,0,0,0,0,0,0,0,0,0,0,0,0,0,0,0,0
577,577,656,0,0,657,0,619,637,723,717,0,0,0,766,0,0,0,0,964,934,928,0,0,0,0,0,0,0,0,0,0,0,0,0,0,0,0,0,0,1045,0,0
0,0,0,0,0,0,0,0,0,0,0,0,0,0,0,0,0,0,0,0,0,0,0,0,0,0,0,0,0,0,0,0,0,0,0,0,0,0,0,0,0,0,0
0,0,0,0,0,0,0,0,0,0,0,0,0,0,0,0,0,0,0,0,0,0,0,0,0,0,0,0,0,0,0,0,0,0,0,0,0,0,0,0,0,0,0
0,0,0,0,0,0,0,0,0,0,0,0,0,0,0,0,0,0,0,0,0,0,0,0,0,0,0,0,0,0,0,0,0,0,0,0,0,0,0,0,0,0,0
0,0,0,0,0,0,0,0,0,0,0,0,0,0,0,0,0,0,0,0,0,0,0,0,0,0,0,0,0,0,0,0,0,0,0,0,0,0,0,0,0,0,0
567,567,670,0,0,646,0,645,669,665,672,0,0,0,752,0,0,0,0,887,899,896,0,0,0,0,0,0,0,0,0,0,0,0,0,0,0,0,0,0,970,0,0
0,0,0,0,0,0,0,0,0,0,0,0,0,0,0,0,0,0,0,0,0,0,0,0,0,0,0,0,0,0,0,0,0,0,0,0,0,0,0,0,0,0,0
0,0,0,0,0,0,0,0,0,0,0,0,0,0,0,0,0,0,0,0,0,0,0,0,0,0,0,0,0,0,0,0,0,0,0,0,0,0,0,0,0,0,0
0,0,0,0,0,0,0,0,0,0,0,0,0,0,0,0,0,0,0,0,0,0,0,0,0,0,0,0,0,0,0,0,0,0,0,0,0,0,0,0,0,0,0
640,640,691,0,0,692,0,664,678,756,765,0,0,0,792,0,0,0,0,931,966,967,0,0,0,0,0,0,0,0,0,0,0,0,0,0,0,0,0,0,1027,0,0
0,0,0,0,0,0,0,0,0,0,0,0,0,0,0,0,0,0,0,0,0,0,0,0,0,0,0,0,0,0,0,0,0,0,0,0,0,0,0,0,0,0,0
0,0,0,0,0,0,0,0,0,0,0,0,0,0,0,0,0,0,0,0,0,0,0,0,0,0,0,0,0,0,0,0,0,0,0,0,0,0,0,0,0,0,0
0,0,0,0,0,0,0,0,0,0,0,0,0,0,0,0,0,0,0,0,0,0,0,0,0,0,0,0,0,0,0,0,0,0,0,0,0,0,0,0,0,0,0
0,0,0,0,0,0,0,0,0,0,0,0,0,0,0,0,0,0,0,0,0,0,0,0,0,0,0,0,0,0,0,0,0,0,0,0,0,0,0,0,0,0,0
0,0,0,0,0,0,0,0,0,0,0,0,0,0,0,0,0,0,0,0,0,0,0,0,0,0,0,0,0,0,0,0,0,0,0,0,0,0,0,0,0,0,0
291,291,406,0,0,413,0,388,430,405,452,0,0,0,464,0,0,0,0,543,601,608,0,0,0,0,0,0,0,0,0,0,0,0,0,0,0,0,0,0,657,0,0
315,315,411,0,0,402,0,383,415,411,458,0,0,0,469,0,0,0,0,548,596,622,0,0,0,0,0,0,0,0,0,0,0,0,0,0,0,0,0,0,653,0,0
280,280,390,0,0,417,0,388,421,417,458,0,0,0,464,0,0,0,0,534,589,594,0,0,0,0,0,0,0,0,0,0,0,0,0,0,0,0,0,0,651,0,0
0,0,593,0,0,501,2,457,605,433,0,0,0,0,406,0,0,0,463,0,0,0,0,0,0,504,0,0,0,0,463,0,0,0,563,0,0,0,0,0,0,0,0
0,0,593,0,0,501,2,457,605,433,0,0,0,0,406,0,0,0,463,0,0,0,0,0,0,504,0,0,0,0,463,0,0,0,563,0,0,0,0,0,0,0,0
0,0,654,0,0,641,2,582,701,514,0,0,0,0,482,0,0,0,542,0,0,0,0,0,0,593,0,0,0,0,551,0,0,0,650,0,0,0,0,0,0,0,0
0,0,0,0,0,0,0,0,0,0,0,0,0,0,0,0,0,0,0,0,0,0,0,0,0,0,0,0,0,0,0,0,0,0,0,0,0,0,0,0,0,0,0
0,0,0,0,0,0,0,0,0,0,0,0,0,0,0,0,0,0,0,0,0,0,0,0,0,0,0,0,0,0,0,0,0,0,0,0,0,0,0,0,0,0,0
1,1,552,0,0,589,2,519,656,469,0,0,0,0,434,0,0,0,515,0,0,0,0,0,0,578,0,0,0,0,522,0,0,0,646,0,0,0,0,0,0,0,0
0,0,2,0,0,2,2,1,0,1,0,0,0,0,1,0,0,0,1,0,0,0,0,0,0,0,0,0,0,0,0,0,0,0,0,0,0,0,0,0,0,0,0
1,1,560,0,0,580,1,554,621,481,0,0,0,0,464,0,0,0,509,0,0,0,0,0,0,576,0,0,0,0,524,0,0,0,632,0,0,0,0,0,0,0,0
1,1,604,0,0,579,0,520,651,484,0,0,0,0,432,0,0,0,535,0,0,0,0,0,0,570,0,0,0,0,534,0,0,0,635,0,0,0,0,0,0,0,0
0,0,510,0,0,581,0,537,622,390,0,0,0,0,372,0,0,0,429,0,0,0,0,0,0,537,0,0,0,0,487,0,0,0,588,0,0,0,0,0,0,0,0
0,0,0,0,0,0,0,0,0,0,0,0,0,0,0,0,0,0,0,0,0,0,0,0,0,0,0,0,0,0,0,0,0,0,0,0,0,0,0,0,0,0,0
0,0,0,0,0,0,0,0,0,0,0,0,0,0,0,0,0,0,0,0,0,0,0,0,0,0,0,0,0,0,0,0,0,0,0,0,0,0,0,0,0,0,0
0,0,0,0,0,0,0,0,0,0,0,0,0,0,0,0,0,0,0,0,0,0,0,0,0,0,0,0,0,0,0,0,0,0,0,0,0,0,0,0,0,0,0
0,0,0,0,0,0,0,0,0,0,0,0,0,0,0,0,0,0,0,0,0,0,0,0,0,0,0,0,0,0,0,0,0,0,0,0,0,0,0,0,0,0,0
0,0,515,0,0,564,0,529,605,388,0,0,0,0,379,0,0,0,412,0,0,0,0,0,0,541,0,0,0,0,507,0,0,0,580,0,0,0,0,0,0,0,0
0,0,0,0,0,0,0,0,0,0,0,0,0,0,0,0,0,0,0,0,0,0,0,0,0,0,0,0,0,0,0,0,0,0,0,0,0,0,0,0,0,0,0
0,0,0,0,0,0,0,0,0,0,0,0,0,0,0,0,0,0,0,0,0,0,0,0,0,0,0,0,0,0,0,0,0,0,0,0,0,0,0,0,0,0,0
0,0,0,0,0,0,0,0,0,0,0,0,0,0,0,0,0,0,0,0,0,0,0,0,0,0,0,0,0,0,0,0,0,0,0,0,0,0,0,0,0,0,0
0,0,500,0,0,584,0,539,634,423,0,0,0,0,404,0,0,0,466,0,0,0,0,0,0,538,0,0,0,0,489,0,0,0,604,0,0,0,0,0,0,0,0
0,0,516,0,0,542,1,528,591,413,0,0,0,0,391,0,0,0,450,0,0,0,0,0,0,527,0,0,0,0,474,0,0,0,579,0,0,0,0,0,0,0,0
0,0,0,0,0,0,1,0,0,1,0,0,0,0,0,0,0,0,1,0,0,0,0,0,0,0,0,0,0,0,0,0,0,0,1,0,0,0,0,0,0,0,0
0,0,498,0,0,543,1,512,566,438,0,0,0,0,412,0,0,0,468,0,0,0,0,0,0,506,0,0,0,0,483,0,0,0,569,0,0,0,0,0,0,0,0
0,0,516,0,0,548,0,524,589,396,0,0,0,0,394,0,0,0,430,0,0,0,0,0,0,548,0,0,0,0,500,0,0,0,567,0,0,0,0,0,0,0,0
0,0,0,0,0,0,0,0,0,0,0,0,0,0,0,0,0,0,0,0,0,0,0,0,0,0,0,0,0,0,0,0,0,0,0,0,0,0,0,0,0,0,0
0,0,0,0,0,0,0,0,0,0,0,0,0,0,0,0,0,0,0,0,0,0,0,0,0,0,0,0,0,0,0,0,0,0,0,0,0,0,0,0,0,0,0
0,0,580,0,0,592,1,529,642,442,0,0,0,0,428,0,0,0,485,0,0,0,0,0,0,549,0,0,0,0,479,0,0,0,586,0,0,0,0,0,0,0,0
0,0,0,0,0,0,0,0,0,0,0,0,0,0,0,0,0,0,0,0,0,0,0,0,0,0,0,0,0,0,0,0,0,0,0,0,0,0,0,0,0,0,0
0,0,0,0,0,0,0,0,0,0,0,0,0,0,0,0,0,0,0,0,0,0,0,0,0,0,0,0,0,0,0,0,0,0,0,0,0,0,0,0,0,0,0
0,0,0,0,0,0,0,0,0,0,0,0,0,0,0,0,0,0,0,0,0,0,0,0,0,0,0,0,0,0,0,0,0,0,0,0,0,0,0,0,0,0,0
0,0,0,0,0,0,0,0,0,0,0,0,0,0,0,0,0,0,0,0,0,0,0,0,0,0,0,0,0,0,0,0,0,0,0,0,0,0,0,0,0,0,0
0,0,578,0,0,567,1,534,629,456,0,0,0,0,421,0,0,0,482,0,0,0,0,0,0,529,0,0,0,0,497,0,0,0,591,0,0,0,0,0,0,0,0
0,0,0,0,0,0,0,0,0,0,0,0,0,0,0,0,0,0,0,0,0,0,0,0,0,0,0,0,0,0,0,0,0,0,0,0,0,0,0,0,0,0,0
0,0,0,0,0,0,0,0,0,0,0,0,0,0,0,0,0,0,0,0,0,0,0,0,0,0,0,0,0,0,0,0,0,0,0,0,0,0,0,0,0,0,0
0,0,0,0,0,0,0,0,0,0,0,0,0,0,0,0,0,0,0,0,0,0,0,0,0,0,0,0,0,0,0,0,0,0,0,0,0,0,0,0,0,0,0
0,0,558,0,0,603,1,531,661,430,0,0,0,0,422,0,0,0,498,0,0,0,0,0,0,550,0,0,0,0,504,0,0,0,581,0,0,0,0,0,0,0,0
0,0,0,0,0,0,0,0,0,0,0,0,0,0,0,0,0,0,0,0,0,0,0,0,0,0,0,0,0,0,0,0,0,0,0,0,0,0,0,0,0,0,0
0,0,0,0,0,0,0,0,0,0,0,0,0,0,0,0,0,0,0,0,0,0,0,0,0,0,0,0,0,0,0,0,0,0,0,0,0,0,0,0,0,0,0
0,0,0,0,0,0,0,0,0,0,0,0,0,0,0,0,0,0,0,0,0,0,0,0,0,0,0,0,0,0,0,0,0,0,0,0,0,0,0,0,0,0,0
0,0,0,0,0,0,0,0,0,0,0,0,0,0,0,0,0,0,0,0,0,0,0,0,0,0,0,0,0,0,0,0,0,0,0,0,0,0,0,0,0,0,0
0,0,0,0,0,0,0,0,0,0,0,0,0,0,0,0,0,0,0,0,0,0,0,0,0,0,0,0,0,0,0,0,0,0,0,0,0,0,0,0,0,0,0
0,0,470,0,0,484,0,457,523,386,0,0,0,0,382,0,0,0,414,0,0,0,0,0,0,484,0,0,0,0,428,0,0,0,521,0,0,0,0,0,0,0,0
0,0,455,0,0,476,0,443,518,392,0,0,0,0,371,0,0,0,414,0,0,0,0,0,0,476,0,0,0,0,457,0,0,0,520,0,0,0,0,0,0,0,0
0,0,458,0,0,491,0,446,526,398,0,0,0,0,381,0,0,0,427,0,0,0,0,0,0,486,0,0,0,0,449,0,0,0,528,0,0,0,0,0,0,0,0
1009,1009,1180,0,0,1008,1,1010,1028,0,0,0,0,0,0,0,0,0,0,0,0,0,0,0,0,870,0,0,0,0,0,0,0,0,0,0,0,0,0,0,0,0,0
1009,1009,1180,0,0,1008,1,1010,1028,0,0,0,0,0,0,0,0,0,0,0,0,0,0,0,0,870,0,0,0,0,0,0,0,0,0,0,0,0,0,0,0,0,0
1141,1141,1021,0,0,1058,1,1053,1097,0,0,0,0,0,0,0,0,0,0,0,0,0,0,0,0,948,0,0,0,0,0,0,0,0,0,0,0,0,0,0,0,0,0
0,0,0,0,0,0,0,0,0,0,0,0,0,0,0,0,0,0,0,0,0,0,0,0,0,0,0,0,0,0,0,0,0,0,0,0,0,0,0,0,0,0,0
0,0,0,0,0,0,0,0,0,0,0,0,0,0,0,0,0,0,0,0,0,0,0,0,0,0,0,0,0,0,0,0,0,0,0,0,0,0,0,0,0,0,0
801,801,991,0,0,1012,1,1014,1009,0,0,0,0,0,0,0,0,0,0,0,0,0,0,0,0,938,0,0,0,0,0,0,0,0,0,0,0,0,0,0,0,0,0
0,0,1,0,0,0,1,0,0,0,0,0,0,0,0,0,0,0,0,0,0,0,0,0,0,0,0,0,0,0,0,0,0,0,0,0,0,0,0,0,0,0,0
828,828,965,0,0,957,1,979,986,0,0,0,0,0,0,0,0,0,0,0,0,0,0,0,0,926,0,0,0,0,0,0,0,0,0,0,0,0,0,0,0,0,0
836,836,1014,0,0,1032,0,1021,1021,0,0,0,0,0,0,0,0,0,0,0,0,0,0,0,0,959,0,0,0,0,0,0,0,0,0,0,0,0,0,0,0,0,0
666,666,847,0,0,1034,1,992,1022,0,0,0,0,0,0,0,0,0,0,0,0,0,0,0,0,991,0,0,0,0,0,0,0,0,0,0,0,0,0,0,0,0,0
0,0,0,0,0,0,0,0,0,0,0,0,0,0,0,0,0,0,0,0,0,0,0,0,0,0,0,0,0,0,0,0,0,0,0,0,0,0,0,0,0,0,0
0,0,0,0,0,0,0,0,0,0,0,0,0,0,0,0,0,0,0,0,0,0,0,0,0,0,0,0,0,0,0,0,0,0,0,0,0,0,0,0,0,0,0
0,0,0,0,0,0,0,0,0,0,0,0,0,0,0,0,0,0,0,0,0,0,0,0,0,0,0,0,0,0,0,0,0,0,0,0,0,0,0,0,0,0,0
0,0,0,0,0,0,0,0,0,0,0,0,0,0,0,0,0,0,0,0,0,0,0,0,0,0,0,0,0,0,0,0,0,0,0,0,0,0,0,0,0,0,0
687,687,856,0,0,1013,1,994,1004,0,0,0,0,0,0,0,0,0,0,0,0,0,0,0,0,967,0,0,0,0,0,0,0,0,0,0,0,0,0,0,0,0,0
0,0,0,0,0,0,0,0,0,0,0,0,0,0,0,0,0,0,0,0,0,0,0,0,0,0,0,0,0,0,0,0,0,0,0,0,0,0,0,0,0,0,0
0,0,0,0,0,0,0,0,0,0,0,0,0,0,0,0,0,0,0,0,0,0,0,0,0,0,0,0,0,0,0,0,0,0,0,0,0,0,0,0,0,0,0
0,0,0,0,0,0,0,0,0,0,0,0,0,0,0,0,0,0,0,0,0,0,0,0,0,0,0,0,0,0,0,0,0,0,0,0,0,0,0,0,0,0,0
716,716,863,0,0,988,1,970,1013,0,0,0,0,0,0,0,0,0,0,0,0,0,0,0,0,976,0,0,0,0,0,0,0,0,0,0,0,0,0,0,0,0,0
623,623,856,0,0,1020,1,992,991,0,0,0,0,0,0,0,0,0,0,0,0,0,0,0,0,1054,0,0,0,0,0,0,0,0,0,0,0,0,0,0,0,0,0
0,0,0,0,0,1,1,1,0,0,0,0,0,0,0,0,0,0,0,0,0,0,0,0,0,1,0,0,0,0,0,0,0,0,0,0,0,0,0,0,0,0,0
654,654,870,0,0,999,1,1010,1004,0,0,0,0,0,0,0,0,0,0,0,0,0,0,0,0,1030,0,0,0,0,0,0,0,0,0,0,0,0,0,0,0,0,0
643,643,838,0,0,980,0,990,972,0,0,0,0,0,0,0,0,0,0,0,0,0,0,0,0,1058,0,0,0,0,0,0,0,0,0,0,0,0,0,0,0,0,0
0,0,0,0,0,0,0,0,0,0,0,0,0,0,0,0,0,0,0,0,0,0,0,0,0,0,0,0,0,0,0,0,0,0,0,0,0,0,0,0,0,0,0
0,0,0,0,0,0,0,0,0,0,0,0,0,0,0,0,0,0,0,0,0,0,0,0,0,0,0,0,0,0,0,0,0,0,0,0,0,0,0,0,0,0,0
789,789,955,0,0,1045,1,1001,1023,0,0,0,0,0,0,0,0,0,0,0,0,0,0,0,0,954,0,0,0,0,0,0,0,0,0,0,0,0,0,0,0,0,0
0,0,0,0,0,0,0,0,0,0,0,0,0,0,0,0,0,0,0,0,0,0,0,0,0,0,0,0,0,0,0,0,0,0,0,0,0,0,0,0,0,0,0
0,0,0,0,0,0,0,0,0,0,0,0,0,0,0,0,0,0,0,0,0,0,0,0,0,0,0,0,0,0,0,0,0,0,0,0,0,0,0,0,0,0,0
0,0,0,0,0,0,0,0,0,0,0,0,0,0,0,0,0,0,0,0,0,0,0,0,0,0,0,0,0,0,0,0,0,0,0,0,0,0,0,0,0,0,0
0,0,0,0,0,0,0,0,0,0,0,0,0,0,0,0,0,0,0,0,0,0,0,0,0,0,0,0,0,0,0,0,0,0,0,0,0,0,0,0,0,0,0
764,764,950,0,0,985,1,975,1003,0,0,0,0,0,0,0,0,0,0,0,0,0,0,0,0,946,0,0,0,0,0,0,0,0,0,0,0,0,0,0,0,0,0
0,0,0,0,0,0,0,0,0,0,0,0,0,0,0,0,0,0,0,0,0,0,0,0,0,0,0,0,0,0,0,0,0,0,0,0,0,0,0,0,0,0,0
0,0,0,0,0,0,0,0,0,0,0,0,0,0,0,0,0,0,0,0,0,0,0,0,0,0,0,0,0,0,0,0,0,0,0,0,0,0,0,0,0,0,0
0,0,0,0,0,0,0,0,0,0,0,0,0,0,0,0,0,0,0,0,0,0,0,0,0,0,0,0,0,0,0,0,0,0,0,0,0,0,0,0,0,0,0
788,788,931,0,0,1029,1,1007,1015,0,0,0,0,0,0,0,0,0,0,0,0,0,0,0,0,972,0,0,0,0,0,0,0,0,0,0,0,0,0,0,0,0,0
0,0,0,0,0,0,0,0,0,0,0,0,0,0,0,0,0,0,0,0,0,0,0,0,0,0,0,0,0,0,0,0,0,0,0,0,0,0,0,0,0,0,0
0,0,0,0,0,0,0,0,0,0,0,0,0,0,0,0,0,0,0,0,0,0,0,0,0,0,0,0,0,0,0,0,0,0,0,0,0,0,0,0,0,0,0
0,0,0,0,0,0,0,0,0,0,0,0,0,0,0,0,0,0,0,0,0,0,0,0,0,0,0,0,0,0,0,0,0,0,0,0,0,0,0,0,0,0,0
0,0,0,0,0,0,0,0,0,0,0,0,0,0,0,0,0,0,0,0,0,0,0,0,0,0,0,0,0,0,0,0,0,0,0,0,0,0,0,0,0,0,0
0,0,0,0,0,0,0,0,0,0,0,0,0,0,0,0,0,0,0,0,0,0,0,0,0,0,0,0,0,0,0,0,0,0,0,0,0,0,0,0,0,0,0
588,588,842,0,0,919,1,898,914,0,0,0,0,0,0,0,0,0,0,0,0,0,0,0,0,954,0,0,0,0,0,0,0,0,0,0,0,0,0,0,0,0,0
589,589,831,0,0,928,1,915,925,0,0,0,0,0,0,0,0,0,0,0,0,0,0,0,0,972,0,0,0,0,0,0,0,0,0,0,0,0,0,0,0,0,0
596,596,818,0,0,904,1,911,905,0,0,0,0,0,0,0,0,0,0,0,0,0,0,0,0,934,0,0,0,0,0,0,0,0,0,0,0,0,0,0,0,0,0
1175,1175,1493,0,0,946,0,0,0,0,0,0,0,0,0,0,0,0,0,0,0,0,0,0,0,1070,887,0,0,0,1131,1158,1133,1141,0,0,0,0,0,0,0,0,0
1175,1175,1493,0,0,946,0,0,0,0,0,0,0,0,0,0,0,0,0,0,0,0,0,0,0,1070,887,0,0,0,1131,1158,1133,1141,0,0,0,0,0,0,0,0,0
1336,1336,1264,0,0,1203,0,0,0,0,0,0,0,0,0,0,0,0,0,0,0,0,0,0,0,1160,1078,0,0,0,1278,1333,1255,1277,0,0,0,0,0,0,0,0,0
0,0,0,0,0,0,0,0,0,0,0,0,0,0,0,0,0,0,0,0,0,0,0,0,0,0,0,0,0,0,0,0,0,0,0,0,0,0,0,0,0,0,0
0,0,0,0,0,0,0,0,0,0,0,0,0,0,0,0,0,0,0,0,0,0,0,0,0,0,0,0,0,0,0,0,0,0,0,0,0,0,0,0,0,0,0
848,848,1166,0,0,1006,0,0,0,0,0,0,0,0,0,0,0,0,0,0,0,0,0,0,0,1219,1046,0,0,0,1256,1253,1214,1227,0,0,0,0,0,0,0,0,0
0,0,0,0,0,0,0,0,0,0,0,0,0,0,0,0,0,0,0,0,0,0,0,0,0,0,0,0,0,0,0,0,0,0,0,0,0,0,0,0,0,0,0
876,876,1185,0,0,1018,0,0,0,0,0,0,0,0,0,0,0,0,0,0,0,0,0,0,0,1140,1019,0,0,0,1203,1242,1176,1202,0,0,0,0,0,0,0,0,0
882,882,1201,0,0,969,0,0,0,0,0,0,0,0,0,0,0,0,0,0,0,0,0,0,0,1160,1035,0,0,0,1207,1222,1189,1198,0,0,0,0,0,0,0,0,0
596,596,862,0,0,953,0,0,0,0,0,0,0,0,0,0,0,0,0,0,0,0,0,0,0,1185,1048,0,0,0,1190,1170,1175,1156,0,0,0,0,0,0,0,0,0
0,0,0,0,0,0,0,0,0,0,0,0,0,0,0,0,0,0,0,0,0,0,0,0,0,0,0,0,0,0,0,0,0,0,0,0,0,0,0,0,0,0,0
0,0,0,0,0,0,0,0,0,0,0,0,0,0,0,0,0,0,0,0,0,0,0,0,0,0,0,0,0,0,0,0,0,0,0,0,0,0,0,0,0,0,0
0,0,0,0,0,0,0,0,0,0,0,0,0,0,0,0,0,0,0,0,0,0,0,0,0,0,0,0,0,0,0,0,0,0,0,0,0,0,0,0,0,0,0
0,0,0,0,0,0,0,0,0,0,0,0,0,0,0,0,0,0,0,0,0,0,0,0,0,0,0,0,0,0,0,0,0,0,0,0,0,0,0,0,0,0,0
629,629,862,0,0,930,0,0,0,0,0,0,0,0,0,0,0,0,0,0,0,0,0,0,0,1118,1010,0,0,0,1141,1119,1134,1111,0,0,0,0,0,0,0,0,0
0,0,0,0,0,0,0,0,0,0,0,0,0,0,0,0,0,0,0,0,0,0,0,0,0,0,0,0,0,0,0,0,0,0,0,0,0,0,0,0,0,0,0
0,0,0,0,0,0,0,0,0,0,0,0,0,0,0,0,0,0,0,0,0,0,0,0,0,0,0,0,0,0,0,0,0,0,0,0,0,0,0,0,0,0,0
0,0,0,0,0,0,0,0,0,0,0,0,0,0,0,0,0,0,0,0,0,0,0,0,0,0,0,0,0,0,0,0,0,0,0,0,0,0,0,0,0,0,0
644,644,884,0,0,981,0,0,0,0,0,0,0,0,0,0,0,0,0,0,0,0,0,0,0,1141,1062,0,0,0,1183,1158,1179,1151,0,0,0,0,0,0,0,0,0
544,544,777,0,0,927,0,0,0,0,0,0,0,0,0,0,0,0,0,0,0,0,0,0,0,1125,1020,0,0,0,1166,1143,1168,1129,0,0,0,0,0,0,0,0,0
0,0,0,0,0,0,0,0,0,0,0,0,0,0,0,0,0,0,0,0,0,0,0,0,0,0,0,0,0,0,0,0,0,0,0,0,0,0,0,0,0,0,0
577,577,795,0,0,904,0,0,0,0,0,0,0,0,0,0,0,0,0,0,0,0,0,0,0,1094,1026,0,0,0,1134,1126,1105,1104,0,0,0,0,0,0,0,0,0
604,604,794,0,0,915,0,0,0,0,0,0,0,0,0,0,0,0,0,0,0,0,0,0,0,1106,1020,0,0,0,1155,1114,1127,1095,0,0,0,0,0,0,0,0,0
0,0,0,0,0,0,0,0,0,0,0,0,0,0,0,0,0,0,0,0,0,0,0,0,0,0,0,0,0,0,0,0,0,0,0,0,0,0,0,0,0,0,0
0,0,0,0,0,0,0,0,0,0,0,0,0,0,0,0,0,0,0,0,0,0,0,0,0,0,0,0,0,0,0,0,0,0,0,0,0,0,0,0,0,0,0
772,772,1080,0,0,1036,0,0,0,0,0,0,0,0,0,0,0,0,0,0,0,0,0,0,0,1168,1061,0,0,0,1249,1237,1195,1217,0,0,0,0,0,0,0,0,0
0,0,0,0,0,0,0,0,0,0,0,0,0,0,0,0,0,0,0,0,0,0,0,0,0,0,0,0,0,0,0,0,0,0,0,0,0,0,0,0,0,0,0
0,0,0,0,0,0,0,0,0,0,0,0,0,0,0,0,0,0,0,0,0,0,0,0,0,0,0,0,0,0,0,0,0,0,0,0,0,0,0,0,0,0,0
0,0,0,0,0,0,0,0,0,0,0,0,0,0,0,0,0,0,0,0,0,0,0,0,0,0,0,0,0,0,0,0,0,0,0,0,0,0,0,0,0,0,0
0,0,0,0,0,0,0,0,0,0,0,0,0,0,0,0,0,0,0,0,0,0,0,0,0,0,0,0,0,0,0,0,0,0,0,0,0,0,0,0,0,0,0
795,795,1052,0,0,1024,0,0,0,0,0,0,0,0,0,0,0,0,0,0,0,0,0,0,0,1119,1046,0,0,0,1154,1164,1176,1164,0,0,0,0,0,0,0,0,0
0,0,0,0,0,0,0,0,0,0,0,0,0,0,0,0,0,0,0,0,0,0,0,0,0,0,0,0,0,0,0,0,0,0,0,0,0,0,0,0,0,0,0
0,0,0,0,0,0,0,0,0,0,0,0,0,0,0,0,0,0,0,0,0,0,0,0,0,0,0,0,0,0,0,0,0,0,0,0,0,0,0,0,0,0,0
0,0,0,0,0,0,0,0,0,0,0,0,0,0,0,0,0,0,0,0,0,0,0,0,0,0,0,0,0,0,0,0,0,0,0,0,0,0,0,0,0,0,0
784,784,1103,0,0,1052,0,0,0,0,0,0,0,0,0,0,0,0,0,0,0,0,0,0,0,1155,1099,0,0,0,1224,1219,1191,1235,0,0,0,0,0,0,0,0,0
0,0,0,0,0,0,0,0,0,0,0,0,0,0,0,0,0,0,0,0,0,0,0,0,0,0,0,0,0,0,0,0,0,0,0,0,0,0,0,0,0,0,0
0,0,0,0,0,0,0,0,0,0,0,0,0,0,0,0,0,0,0,0,0,0,0,0,0,0,0,0,0,0,0,0,0,0,0,0,0,0,0,0,0,0,0
0,0,0,0,0,0,0,0,0,0,0,0,0,0,0,0,0,0,0,0,0,0,0,0,0,0,0,0,0,0,0,0,0,0,0,0,0,0,0,0,0,0,0
0,0,0,0,0,0,0,0,0,0,0,0,0,0,0,0,0,0,0,0,0,0,0,0,0,0,0,0,0,0,0,0,0,0,0,0,0,0,0,0,0,0,0
0,0,0,0,0,0,0,0,0,0,0,0,0,0,0,0,0,0,0,0,0,0,0,0,0,0,0,0,0,0,0,0,0,0,0,0,0,0,0,0,0,0,0
506,506,647,0,0,766,0,0,0,0,0,0,0,0,0,0,0,0,0,0,0,0,0,0,0,930,876,0,0,0,976,955,996,949,0,0,0,0,0,0,0,0,0
500,500,642,0,0,772,0,0,0,0,0,0,0,0,0,0,0,0,0,0,0,0,0,0,0,936,900,0,0,0,938,951,963,912,0,0,0,0,0,0,0,0,0
526,526,639,0,0,766,0,0,0,0,0,0,0,0,0,0,0,0,0,0,0,0,0,0,0,925,886,0,0,0,952,939,972,922,0,0,0,0,0,0,0,0,0
232,232,363,0,0,276,0,243,301,293,293,0,0,0,0,0,0,0,0,240,320,0,359,0,0,0,0,0,0,0,0,0,0,0,0,0,0,463,0,0,361,346,457
232,232,363,0,0,276,0,243,301,293,293,0,0,0,0,0,0,0,0,240,320,0,359,0,0,0,0,0,0,0,0,0,0,0,0,0,0,463,0,0,361,346,457
311,311,311,0,0,341,0,317,361,346,346,0,0,0,0,0,0,0,0,349,383,0,413,0,0,0,0,0,0,0,0,0,0,0,0,0,0,481,0,0,435,409,488
0,0,0,0,0,0,0,0,0,0,0,0,0,0,0,0,0,0,0,0,0,0,0,0,0,0,0,0,0,0,0,0,0,0,0,0,0,0,0,0,0,0,0
0,0,0,0,0,0,0,0,0,0,0,0,0,0,0,0,0,0,0,0,0,0,0,0,0,0,0,0,0,0,0,0,0,0,0,0,0,0,0,0,0,0,0
182,182,294,0,0,262,0,249,280,297,297,0,0,0,0,0,0,0,0,387,367,0,382,0,0,0,0,0,0,0,0,0,0,0,0,0,0,485,0,0,452,418,454
0,0,0,0,0,0,0,0,0,0,0,0,0,0,0,0,0,0,0,0,0,0,0,0,0,0,0,0,0,0,0,0,0,0,0,0,0,0,0,0,0,0,0
184,184,299,0,0,267,0,253,272,307,307,0,0,0,0,0,0,0,0,357,361,0,396,0,0,0,0,0,0,0,0,0,0,0,0,0,0,460,0,0,436,407,442
189,189,300,0,0,257,0,240,288,295,295,0,0,0,0,0,0,0,0,374,348,0,374,0,0,0,0,0,0,0,0,0,0,0,0,0,0,447,0,0,436,415,438
148,148,218,0,0,269,0,259,266,300,300,0,0,0,0,0,0,0,0,400,404,0,309,0,0,0,0,0,0,0,0,0,0,0,0,0,0,438,0,0,452,451,385
0,0,0,0,0,0,0,1,0,1,1,0,0,0,0,0,0,0,0,1,1,0,0,0,0,0,0,0,0,0,0,0,0,0,0,0,0,2,0,0,0,2,0
0,0,0,0,0,0,0,0,0,0,0,0,0,0,0,0,0,0,0,0,0,0,0,0,0,0,0,0,0,0,0,0,0,0,0,0,0,0,0,0,0,0,0
0,0,0,0,0,0,0,0,0,0,0,0,0,0,0,0,0,0,0,0,0,0,0,0,0,0,0,0,0,0,0,0,0,0,0,0,0,0,0,0,0,0,0
0,0,0,0,0,0,0,0,0,0,0,0,0,0,0,0,0,0,0,0,0,0,0,0,0,0,0,0,0,0,0,0,0,0,0,0,0,0,0,0,0,0,0
163,163,196,0,0,246,0,244,242,283,283,0,0,0,0,0,0,0,0,389,398,0,305,0,0,0,0,0,0,0,0,0,0,0,0,0,0,409,0,0,417,433,364
0,0,0,0,0,0,0,0,0,0,0,0,0,0,0,0,0,0,0,0,0,0,0,0,0,0,0,0,0,0,0,0,0,0,0,0,0,0,0,0,0,0,0
0,0,0,0,0,0,0,0,0,0,0,0,0,0,0,0,0,0,0,0,0,0,0,0,0,0,0,0,0,0,0,0,0,0,0,0,0,0,0,0,0,0,0
0,0,0,0,0,0,0,0,0,0,0,0,0,0,0,0,0,0,0,0,0,0,0,0,0,0,0,0,0,0,0,0,0,0,0,0,0,0,0,0,0,0,0
158,158,219,0,0,278,0,255,275,297,297,0,0,0,0,0,0,0,0,389,395,0,310,0,0,0,0,0,0,0,0,0,0,0,0,0,0,429,0,0,439,440,369
138,138,227,0,0,258,0,248,252,308,308,0,0,0,0,0,0,0,0,377,389,0,298,0,0,0,0,0,0,0,0,0,0,0,0,0,0,407,0,0,432,448,321
0,0,0,0,0,0,0,0,0,0,0,0,0,0,0,0,0,0,0,0,1,0,0,0,0,0,0,0,0,0,0,0,0,0,0,0,0,2,0,0,2,2,2
156,156,216,0,0,256,0,246,245,300,300,0,0,0,0,0,0,0,0,351,367,0,278,0,0,0,0,0,0,0,0,0,0,0,0,0,0,378,0,0,392,430,307
152,152,215,0,0,255,0,253,243,310,310,0,0,0,0,0,0,0,0,394,383,0,281,0,0,0,0,0,0,0,0,0,0,0,0,0,0,394,0,0,428,430,326
0,0,0,0,0,0,0,0,0,0,0,0,0,0,0,0,0,0,0,0,0,0,0,0,0,0,0,0,0,0,0,0,0,0,0,0,0,0,0,0,0,0,0
0,0,0,0,0,0,0,0,0,0,0,0,0,0,0,0,0,0,0,0,0,0,0,0,0,0,0,0,0,0,0,0,0,0,0,0,0,0,0,0,0,0,0
163,163,281,0,0,260,0,233,279,313,313,0,0,0,0,0,0,0,0,397,387,0,369,0,0,0,0,0,0,0,0,0,0,0,0,0,0,468,0,0,481,441,420
0,0,0,0,0,0,0,0,0,0,0,0,0,0,0,0,0,0,0,0,0,0,0,0,0,0,0,0,0,0,0,0,0,0,0,0,0,0,0,0,0,0,0
0,0,0,0,0,0,0,0,0,0,0,0,0,0,0,0,0,0,0,0,0,0,0,0,0,0,0,0,0,0,0,0,0,0,0,0,0,0,0,0,0,0,0
0,0,0,0,0,0,0,0,0,0,0,0,0,0,0,0,0,0,0,0,0,0,0,0,0,0,0,0,0,0,0,0,0,0,0,0,0,0,0,0,0,0,0
0,0,0,0,0,0,0,0,0,0,0,0,0,0,0,0,0,0,0,0,0,0,0,0,0,0,0,0,0,0,0,0,0,0,0,0,0,0,0,0,0,0,0
178,178,281,0,0,257,0,249,261,294,294,0,0,0,0,0,0,0,0,376,373,0,355,0,0,0,0,0,0,0,0,0,0,0,0,0,0,434,0,0,435,413,409
0,0,0,0,0,0,0,0,0,0,0,0,0,0,0,0,0,0,0,0,0,0,0,0,0,0,0,0,0,0,0,0,0,0,0,0,0,0,0,0,0,0,0
0,0,0,0,0,0,0,0,0,0,0,0,0,0,0,0,0,0,0,0,0,0,0,0,0,0,0,0,0,0,0,0,0,0,0,0,0,0,0,0,0,0,0
0,0,0,0,0,0,0,0,0,0,0,0,0,0,0,0,0,0,0,0,0,0,0,0,0,0,0,0,0,0,0,0,0,0,0,0,0,0,0,0,0,0,0
186,186,292,0,0,281,0,259,309,325,325,0,0,0,0,0,0,0,0,393,391,0,364,0,0,0,0,0,0,0,0,0,0,0,0,0,0,447,0,0,448,437,398
0,0,0,0,0,0,0,0,0,0,0,0,0,0,0,0,0,0,0,0,0,0,0,0,0,0,0,0,0,0,0,0,0,0,0,0,0,0,0,0,0,0,0
0,0,0,0,0,0,0,0,0,0,0,0,0,0,0,0,0,0,0,0,0,0,0,0,0,0,0,0,0,0,0,0,0,0,0,0,0,0,0,0,0,0,0
0,0,0,0,0,0,0,0,0,0,0,0,0,0,0,0,0,0,0,0,0,0,0,0,0,0,0,0,0,0,0,0,0,0,0,0,0,0,0,0,0,0,0
0,0,0,0,0,0,0,0,0,0,0,0,0,0,0,0,0,0,0,0,0,0,0,0,0,0,0,0,0,0,0,0,0,0,0,0,0,0,0,0,0,0,0
0,0,0,0,0,0,0,0,0,0,0,0,0,0,0,0,0,0,0,0,0,0,0,0,0,0,0,0,0,0,0,0,0,0,0,0,0,0,0,0,0,0,0
127,127,150,0,0,195,0,179,186,215,215,0,0,0,0,0,0,0,0,227,293,0,189,0,0,0,0,0,0,0,0,0,0,0,0,0,0,293,0,0,269,351,227
123,123,132,0,0,183,0,172,179,219,219,0,0,0,0,0,0,0,0,211,294,0,174,0,0,0,0,0,0,0,0,0,0,0,0,0,0,289,0,0,256,329,224
129,129,149,0,0,184,0,185,179,214,214,0,0,0,0,0,0,0,0,213,288,0,182,0,0,0,0,0,0,0,0,0,0,0,0,0,0,288,0,0,260,327,235
882,882,1067,0,0,807,0,767,864,749,895,0,0,0,881,0,0,0,0,690,918,849,0,0,0,0,0,0,0,0,0,0,0,0,0,0,0,0,0,0,0,0,0
882,882,1067,0,0,807,0,767,864,749,895,0,0,0,881,0,0,0,0,690,918,849,0,0,0,0,0,0,0,0,0,0,0,0,0,0,0,0,0,0,0,0,0
1014,1014,929,0,0,986,0,977,1006,958,1093,0,0,0,964,0,0,0,0,936,1062,1005,0,0,0,0,0,0,0,0,0,0,0,0,0,0,0,0,0,0,0,0,0
0,0,0,0,0,0,0,0,0,0,0,0,0,0,0,0,0,0,0,0,0,0,0,0,0,0,0,0,0,0,0,0,0,0,0,0,0,0,0,0,0,0,0
0,0,0,0,0,0,0,0,0,0,0,0,0,0,0,0,0,0,0,0,0,0,0,0,0,0,0,0,0,0,0,0,0,0,0,0,0,0,0,0,0,0,0
580,580,803,0,0,675,0,633,755,919,907,0,0,0,912,0,0,0,0,1142,1078,1068,0,0,0,0,0,0,0,0,0,0,0,0,0,0,0,0,0,0,0,0,0
0,0,0,0,0,0,0,0,0,0,0,0,0,0,0,0,0,0,0,0,0,0,0,0,0,0,0,0,0,0,0,0,0,0,0,0,0,0,0,0,0,0,0
630,630,814,0,0,738,0,689,814,946,928,0,0,0,931,0,0,0,0,1109,1084,1084,0,0,0,0,0,0,0,0,0,0,0,0,0,0,0,0,0,0,0,0,0
556,556,795,0,0,680,0,645,711,800,874,0,0,0,907,0,0,0,0,1069,1078,1037,0,0,0,0,0,0,0,0,0,0,0,0,0,0,0,0,0,0,0,0,0
335,335,491,0,0,530,0,498,581,711,726,0,0,0,727,0,0,0,0,1074,1015,1018,0,0,0,0,0,0,0,0,0,0,0,0,0,0,0,0,0,0,0,0,0
0,0,0,0,0,0,0,0,0,0,0,0,0,0,0,0,0,0,0,0,0,0,0,0,0,0,0,0,0,0,0,0,0,0,0,0,0,0,0,0,0,0,0
0,0,0,0,0,0,0,0,0,0,0,0,0,0,0,0,0,0,0,0,0,0,0,0,0,0,0,0,0,0,0,0,0,0,0,0,0,0,0,0,0,0,0
0,0,0,0,0,0,0,0,0,0,0,0,0,0,0,0,0,0,0,0,0,0,0,0,0,0,0,0,0,0,0,0,0,0,0,0,0,0,0,0,0,0,0
0,0,0,0,0,0,0,0,0,0,0,0,0,0,0,0,0,0,0,0,0,0,0,0,0,0,0,0,0,0,0,0,0,0,0,0,0,0,0,0,0,0,0
351,351,499,0,0,545,0,528,563,732,738,0,0,0,728,0,0,0,0,1073,984,996,0,0,0,0,0,0,0,0,0,0,0,0,0,0,0,0,0,0,0,0,0
0,0,0,0,0,0,0,0,0,0,0,0,0,0,0,0,0,0,0,0,0,0,0,0,0,0,0,0,0,0,0,0,0,0,0,0,0,0,0,0,0,0,0
0,0,0,0,0,0,0,0,0,0,0,0,0,0,0,0,0,0,0,0,0,0,0,0,0,0,0,0,0,0,0,0,0,0,0,0,0,0,0,0,0,0,0
0,0,0,0,0,0,0,0,0,0,0,0,0,0,0,0,0,0,0,0,0,0,0,0,0,0,0,0,0,0,0,0,0,0,0,0,0,0,0,0,0,0,0
362,362,511,0,0,535,0,503,565,672,681,0,0,0,728,0,0,0,0,1037,1019,1007,0,0,0,0,0,0,0,0,0,0,0,0,0,0,0,0,0,0,0,0,0
275,275,412,0,0,484,0,446,522,649,635,0,0,0,653,0,0,0,0,1039,1001,966,0,0,0,0,0,0,0,0,0,0,0,0,0,0,0,0,0,0,0,0,0
0,0,0,0,0,0,0,0,0,0,0,0,0,0,0,0,0,0,0,0,0,0,0,0,0,0,0,0,0,0,0,0,0,0,0,0,0,0,0,0,0,0,0
301,301,406,0,0,479,0,454,528,609,619,0,0,0,644,0,0,0,0,965,937,909,0,0,0,0,0,0,0,0,0,0,0,0,0,0,0,0,0,0,0,0,0
289,289,424,0,0,487,0,446,495,650,633,0,0,0,670,0,0,0,0,992,996,977,0,0,0,0,0,0,0,0,0,0,0,0,0,0,0,0,0,0,0,0,0
0,0,0,0,0,0,0,0,0,0,0,0,0,0,0,0,0,0,0,0,0,0,0,0,0,0,0,0,0,0,0,0,0,0,0,0,0,0,0,0,0,0,0
0,0,0,0,0,0,0,0,0,0,0,0,0,0,0,0,0,0,0,0,0,0,0,0,0,0,0,0,0,0,0,0,0,0,0,0,0,0,0,0,0,0,0
495,495,708,0,0,624,0,597,678,868,854,0,0,0,854,0,0,0,0,1114,1076,1064,0,0,0,0,0,0,0,0,0,0,0,0,0,0,0,0,0,0,0,0,0
0,0,0,0,0,0,0,0,0,0,0,0,0,0,0,0,0,0,0,0,0,0,0,0,0,0,0,0,0,0,0,0,0,0,0,0,0,0,0,0,0,0,0
0,0,0,0,0,0,0,0,0,0,0,0,0,0,0,0,0,0,0,0,0,0,0,0,0,0,0,0,0,0,0,0,0,0,0,0,0,0,0,0,0,0,0
0,0,0,0,0,0,0,0,0,0,0,0,0,0,0,0,0,0,0,0,0,0,0,0,0,0,0,0,0,0,0,0,0,0,0,0,0,0,0,0,0,0,0
0,0,0,0,0,0,0,0,0,0,0,0,0,0,0,0,0,0,0,0,0,0,0,0,0,0,0,0,0,0,0,0,0,0,0,0,0,0,0,0,0,0,0
500,500,706,0,0,619,0,601,668,768,782,0,0,0,786,0,0,0,0,1022,1012,990,0,0,0,0,0,0,0,0,0,0,0,0,0,0,0,0,0,0,0,0,0
0,0,0,0,0,0,0,0,0,0,0,0,0,0,0,0,0,0,0,0,0,0,0,0,0,0,0,0,0,0,0,0,0,0,0,0,0,0,0,0,0,0,0
0,0,0,0,0,0,0,0,0,0,0,0,0,0,0,0,0,0,0,0,0,0,0,0,0,0,0,0,0,0,0,0,0,0,0,0,0,0,0,0,0,0,0
0,0,0,0,0,0,0,0,0,0,0,0,0,0,0,0,0,0,0,0,0,0,0,0,0,0,0,0,0,0,0,0,0,0,0,0,0,0,0,0,0,0,0
554,554,737,0,0,712,0,640,736,916,893,0,0,0,866,0,0,0,0,1092,1080,1054,0,0,0,0,0,0,0,0,0,0,0,0,0,0,0,0,0,0,0,0,0
0,0,0,0,0,0,0,0,0,0,0,0,0,0,0,0,0,0,0,0,0,0,0,0,0,0,0,0,0,0,0,0,0,0,0,0,0,0,0,0,0,0,0
0,0,0,0,0,0,0,0,0,0,0,0,0,0,0,0,0,0,0,0,0,0,0,0,0,0,0,0,0,0,0,0,0,0,0,0,0,0,0,0,0,0,0
0,0,0,0,0,0,0,0,0,0,0,0,0,0,0,0,0,0,0,0,0,0,0,0,0,0,0,0,0,0,0,0,0,0,0,0,0,0,0,0,0,0,0
0,0,0,0,0,0,0,0,0,0,0,0,0,0,0,0,0,0,0,0,0,0,0,0,0,0,0,0,0,0,0,0,0,0,0,0,0,0,0,0,0,0,0
0,0,0,0,0,0,0,0,0,0,0,0,0,0,0,0,0,0,0,0,0,0,0,0,0,0,0,0,0,0,0,0,0,0,0,0,0,0,0,0,0,0,0
210,210,334,0,0,348,0,331,383,436,489,0,0,0,465,0,0,0,0,764,793,764,0,0,0,0,0,0,0,0,0,0,0,0,0,0,0,0,0,0,0,0,0
239,239,340,0,0,357,0,343,368,433,472,0,0,0,483,0,0,0,0,764,805,759,0,0,0,0,0,0,0,0,0,0,0,0,0,0,0,0,0,0,0,0,0
234,234,344,0,0,373,0,332,389,449,476,0,0,0,452,0,0,0,0,728,758,742,0,0,0,0,0,0,0,0,0,0,0,0,0,0,0,0,0,0,0,0,0
2034,2034,2085,0,0,1715,0,0,0,0,0,0,0,0,0,0,0,0,0,0,0,0,0,0,0,1724,1795,1788,1816,1838,1774,1862,1827,1840,0,0,0,0,0,0,0,0,0
2034,2034,2085,0,0,1715,0,0,0,0,0,0,0,0,0,0,0,0,0,0,0,0,0,0,0,1724,1795,1788,1816,1838,1774,1862,1827,1840,0,0,0,0,0,0,0,0,0
2033,2033,1624,0,0,1851,0,0,0,0,0,0,0,0,0,0,0,0,0,0,0,0,0,0,0,1701,1820,1892,1883,1860,1875,1909,1924,1875,0,0,0,0,0,0,0,0,0
0,0,0,0,0,0,0,0,0,0,0,0,0,0,0,0,0,0,0,0,0,0,0,0,0,0,0,0,0,0,0,0,0,0,0,0,0,0,0,0,0,0,0
0,0,0,0,0,0,0,0,0,0,0,0,0,0,0,0,0,0,0,0,0,0,0,0,0,0,0,0,0,0,0,0,0,0,0,0,0,0,0,0,0,0,0
1341,1341,1346,0,0,1471,0,0,0,0,0,0,0,0,0,0,0,0,0,0,0,0,0,0,0,1644,1647,1635,1658,1660,1585,1572,1656,1590,0,0,0,0,0,0,0,0,0
1,1,1,0,0,0,0,0,0,0,0,0,0,0,0,0,0,0,0,0,0,0,0,0,0,0,0,0,0,0,0,0,0,0,0,0,0,0,0,0,0,0,0
1378,1378,1414,0,0,1498,0,0,0,0,0,0,0,0,0,0,0,0,0,0,0,0,0,0,0,1588,1687,1682,1663,1688,1582,1561,1649,1592,0,0,0,0,0,0,0,0,0
1343,1343,1476,0,0,1465,0,0,0,0,0,0,0,0,0,0,0,0,0,0,0,0,0,0,0,1587,1532,1586,1574,1592,1552,1568,1591,1593,0,0,0,0,0,0,0,0,0
751,751,962,0,0,1227,0,0,0,0,0,0,0,0,0,0,0,0,0,0,0,0,0,0,0,1409,1442,1441,1430,1408,1371,1374,1364,1382,0,0,0,0,0,0,0,0,0
0,0,0,0,0,0,0,0,0,0,0,0,0,0,0,0,0,0,0,0,0,0,0,0,0,0,0,0,0,0,0,0,0,0,0,0,0,0,0,0,0,0,0
0,0,0,0,0,0,0,0,0,0,0,0,0,0,0,0,0,0,0,0,0,0,0,0,0,0,0,0,0,0,0,0,0,0,0,0,0,0,0,0,0,0,0
0,0,0,0,0,0,0,0,0,0,0,0,0,0,0,0,0,0,0,0,0,0,0,0,0,0,0,0,0,0,0,0,0,0,0,0,0,0,0,0,0,0,0
0,0,0,0,0,0,0,0,0,0,0,0,0,0,0,0,0,0,0,0,0,0,0,0,0,0,0,0,0,0,0,0,0,0,0,0,0,0,0,0,0,0,0
769,769,980,0,0,1197,0,0,0,0,0,0,0,0,0,0,0,0,0,0,0,0,0,0,0,1319,1418,1375,1409,1388,1317,1310,1355,1322,0,0,0,0,0,0,0,0,0
0,0,0,0,0,0,0,0,0,0,0,0,0,0,0,0,0,0,0,0,0,0,0,0,0,0,0,0,0,0,0,0,0,0,0,0,0,0,0,0,0,0,0
0,0,0,0,0,0,0,0,0,0,0,0,0,0,0,0,0,0,0,0,0,0,0,0,0,0,0,0,0,0,0,0,0,0,0,0,0,0,0,0,0,0,0
0,0,0,0,0,0,0,0,0,0,0,0,0,0,0,0,0,0,0,0,0,0,0,0,0,0,0,0,0,0,0,0,0,0,0,0,0,0,0,0,0,0,0
816,816,1026,0,0,1261,0,0,0,0,0,0,0,0,0,0,0,0,0,0,0,0,0,0,0,1338,1429,1434,1418,1415,1360,1360,1361,1375,0,0,0,0,0,0,0,0,0
649,649,910,0,0,1105,0,0,0,0,0,0,0,0,0,0,0,0,0,0,0,0,0,0,0,1258,1310,1296,1298,1290,1273,1221,1265,1231,0,0,0,0,0,0,0,0,0
0,0,1,0,0,0,0,0,0,0,0,0,0,0,0,0,0,0,0,0,0,0,0,0,0,0,0,0,0,0,0,0,0,0,0,0,0,0,0,0,0,0,0
700,700,902,0,0,1085,0,0,0,0,0,0,0,0,0,0,0,0,0,0,0,0,0,0,0,1203,1259,1218,1266,1253,1231,1173,1244,1189,0,0,0,0,0,0,0,0,0
749,749,953,0,0,1153,0,0,0,0,0,0,0,0,0,0,0,0,0,0,0,0,0,0,0,1288,1356,1319,1327,1330,1266,1220,1292,1243,0,0,0,0,0,0,0,0,0
0,0,0,0,0,0,0,0,0,0,0,0,0,0,0,0,0,0,0,0,0,0,0,0,0,0,0,0,0,0,0,0,0,0,0,0,0,0,0,0,0,0,0
0,0,0,0,0,0,0,0,0,0,0,0,0,0,0,0,0,0,0,0,0,0,0,0,0,0,0,0,0,0,0,0,0,0,0,0,0,0,0,0,0,0,0
1238,1238,1188,0,0,1431,0,0,0,0,0,0,0,0,0,0,0,0,0,0,0,0,0,0,0,1525,1531,1542,1573,1541,1543,1522,1535,1515,0,0,0,0,0,0,0,0,0
0,0,0,0,0,0,0,0,0,0,0,0,0,0,0,0,0,0,0,0,0,0,0,0,0,0,0,0,0,0,0,0,0,0,0,0,0,0,0,0,0,0,0
0,0,0,0,0,0,0,0,0,0,0,0,0,0,0,0,0,0,0,0,0,0,0,0,0,0,0,0,0,0,0,0,0,0,0,0,0,0,0,0,0,0,0
0,0,0,0,0,0,0,0,0,0,0,0,0,0,0,0,0,0,0,0,0,0,0,0,0,0,0,0,0,0,0,0,0,0,0,0,0,0,0,0,0,0,0
0,0,0,0,0,0,0,0,0,0,0,0,0,0,0,0,0,0,0,0,0,0,0,0,0,0,0,0,0,0,0,0,0,0,0,0,0,0,0,0,0,0,0
1237,1237,1256,0,0,1353,0,0,0,0,0,0,0,0,0,0,0,0,0,0,0,0,0,0,0,1424,1461,1492,1505,1482,1479,1494,1497,1487,0,0,0,0,0,0,0,0,0
0,0,0,0,0,0,0,0,0,0,0,0,0,0,0,0,0,0,0,0,0,0,0,0,0,0,0,0,0,0,0,0,0,0,0,0,0,0,0,0,0,0,0
0,0,0,0,0,0,0,0,0,0,0,0,0,0,0,0,0,0,0,0,0,0,0,0,0,0,0,0,0,0,0,0,0,0,0,0,0,0,0,0,0,0,0
0,0,0,0,0,0,0,0,0,0,0,0,0,0,0,0,0,0,0,0,0,0,0,0,0,0,0,0,0,0,0,0,0,0,0,0,0,0,0,0,0,0,0
1279,1279,1262,0,0,1465,0,0,0,0,0,0,0,0,0,0,0,0,0,0,0,0,0,0,0,1553,1585,1569,1590,1591,1537,1559,1565,1510,0,0,0,0,0,0,0,0,0
0,0,0,0,0,0,0,0,0,0,0,0,0,0,0,0,0,0,0,0,0,0,0,0,0,0,0,0,0,0,0,0,0,0,0,0,0,0,0,0,0,0,0
0,0,0,0,0,0,0,0,0,0,0,0,0,0,0,0,0,0,0,0,0,0,0,0,0,0,0,0,0,0,0,0,0,0,0,0,0,0,0,0,0,0,0
0,0,0,0,0,0,0,0,0,0,0,0,0,0,0,0,0,0,0,0,0,0,0,0,0,0,0,0,0,0,0,0,0,0,0,0,0,0,0,0,0,0,0
0,0,0,0,0,0,0,0,0,0,0,0,0,0,0,0,0,0,0,0,0,0,0,0,0,0,0,0,0,0,0,0,0,0,0,0,0,0,0,0,0,0,0
0,0,0,0,0,0,0,0,0,0,0,0,0,0,0,0,0,0,0,0,0,0,0,0,0,0,0,0,0,0,0,0,0,0,0,0,0,0,0,0,0,0,0
482,482,692,0,0,823,0,0,0,0,0,0,0,0,0,0,0,0,0,0,0,0,0,0,0,940,999,979,981,1011,937,932,950,955,0,0,0,0,0,0,0,0,0
483,483,694,0,0,827,0,0,0,0,0,0,0,0,0,0,0,0,0,0,0,0,0,0,0,898,992,984,997,1017,947,935,939,946,0,0,0,0,0,0,0,0,0
517,517,701,0,0,798,0,0,0,0,0,0,0,0,0,0,0,0,0,0,0,0,0,0,0,914,969,987,975,1003,929,928,942,918,0,0,0,0,0,0,0,0,0
